1260000.000000000000	1000.000000000000	-1256843.683121108680	89128.874101305657	-1.500000000000
529999.999999999999	2000.000000000000	-513419.003062680596	131532.989375757635	-1.320000000000
369999.999999999999	3000.000000000000	-355508.973756246908	102534.723770926299	-1.290000000000
299999.999999999999	4000.000000000000	-285627.102477154752	91745.072513486797	-1.260000000000
250000.000000000000	5000.000000000000	-237246.154838896560	78830.590598817172	-1.250000000000
220000.000000000000	6000.000000000000	-208776.616258228954	69370.919726959109	-1.250000000000
200000.000000000000	7000.000000000000	-187819.871263813518	68729.149263209416	-1.220000000000
180000.000000000000	8000.000000000000	-168410.880279609468	63543.492219479471	-1.210000000000
160000.000000000000	9000.000000000000	-149698.560248541733	56483.104195092863	-1.210000000000
150000.000000000000	10000.000000000000	-139805.862895083934	54353.663171501044	-1.200000000000
140000.000000000000	11000.000000000000	-130485.472035411687	50730.085626734304	-1.200000000000
130000.000000000000	12000.000000000000	-121165.081175739411	47106.508081967571	-1.200000000000
120000.000000000000	13000.000000000000	-112691.922758288114	41237.489557925648	-1.220000000000
120000.000000000000	14000.000000000000	-112273.920186406307	42362.328146319647	-1.210000000000
110000.000000000000	15000.000000000000	-102917.760170872439	38832.134134126347	-1.210000000000
107100.000000000000	16000.000000000000	-100090.597883099734	38108.820703396632	-1.207000000000
102100.000000000000	17000.000000000000	-95526.393758600694	36043.280864493630	-1.210000000000
98600.000000000000	18000.000000000000	-92111.769259686916	35176.440465888481	-1.206000000000
94400.000000000000	19000.000000000000	-88188.144199943665	33678.052535292823	-1.206000000000
90700.000000000000	20000.000000000000	-84924.239296895379	31849.075023360587	-1.212000000000
88200.000000000000	21000.000000000000	-82396.126254608374	31466.146542508763	-1.206000000000
84500.000000000000	22000.000000000000	-79178.239895111590	29513.663397012548	-1.214000000000
81900.000000000000	23000.000000000000	-76770.553534796927	28528.794400760769	-1.215000000000
79400.000000000000	24000.000000000000	-74564.488891733970	27285.472257494137	-1.220000000000
77000.000000000000	25000.000000000000	-72096.652986338959	27038.354760736111	-1.212000000000
74700.000000000000	26000.000000000000	-70099.240975364766	25810.587259451120	-1.218000000000
73000.000000000000	27000.000000000000	-68752.746262066997	24536.908554743266	-1.228000000000
70400.000000000000	28000.000000000000	-66232.731077840595	23861.796536942653	-1.225000000000
69100.000000000000	29000.000000000000	-64820.235852567013	23940.489218426297	-1.217000000000
66800.000000000000	30000.000000000000	-62980.547566364774	22264.110766901613	-1.231000000000
65200.000000000000	31000.000000000000	-61340.540714136463	22099.277474554841	-1.225000000000
63200.000000000000	32000.000000000000	-59628.395616474685	20945.033688327701	-1.233000000000
62800.000000000000	33000.000000000000	-59333.776358872383	20575.300313611853	-1.237000000000
61400.000000000000	34000.000000000000	-57950.438055602506	20290.557635604211	-1.234000000000
59800.000000000000	35000.000000000000	-56596.615661075593	19309.663272892481	-1.242000000000
58000.000000000000	36000.000000000000	-54683.708964807738	19331.114138926550	-1.231000000000
57400.000000000000	37000.000000000000	-54288.001568403539	18643.306726785755	-1.240000000000
56100.000000000000	38000.000000000000	-53112.906738803809	18061.814353910537	-1.243000000000
55000.000000000000	39000.000000000000	-52106.788350638380	17603.482831013192	-1.245000000000
53800.000000000000	40000.000000000000	-51004.249819375422	17117.432645193683	-1.247000000000
52500.000000000000	41000.000000000000	-49871.131516302477	16404.884677548376	-1.253000000000
53300.000000000000	42000.000000000000	-50513.249016759037	17008.870443709417	-1.246000000000
51100.000000000000	43000.000000000000	-48541.234675867745	15967.421086147086	-1.253000000000
50000.000000000000	44000.000000000000	-47542.973025323496	15481.140652851211	-1.256000000000
49200.000000000000	45000.000000000000	-46767.028625914041	15280.217063344902	-1.255000000000
48900.000000000000	46000.000000000000	-46512.144923289568	15094.050968342079	-1.257000000000
47600.000000000000	47000.000000000000	-45260.910320107971	14738.045901514353	-1.256000000000
47000.000000000000	48000.000000000000	-44805.381494722147	14194.287199870589	-1.264000000000
46200.000000000000	49000.000000000000	-43986.573781481828	14128.741167076967	-1.260000000000
45300.000000000000	50000.000000000000	-43184.761312998155	13680.876811790164	-1.264000000000
44900.000000000000	51000.000000000000	-42870.703964763081	13345.888564110188	-1.269000000000
44000.000000000000	52000.000000000000	-41932.154287590660	13330.207680366144	-1.263000000000
43300.000000000000	53000.000000000000	-41304.220489973413	12994.282193167135	-1.266000000000
42600.000000000000	54000.000000000000	-40687.296447907887	12621.565186618578	-1.270000000000
42000.000000000000	55000.000000000000	-40101.772082851879	12483.904670214430	-1.269000000000
41500.000000000000	56000.000000000000	-39661.197529478733	12216.358316931844	-1.272000000000
40900.000000000000	57000.000000000000	-39039.311106941859	12195.990664780213	-1.268000000000
40200.000000000000	58000.000000000000	-38335.022250001493	12102.316682845898	-1.265000000000
39900.000000000000	59000.000000000000	-38258.980573034620	11325.211058172797	-1.283000000000
39100.000000000000	60000.000000000000	-37321.199615682803	11659.247799337563	-1.268000000000
38700.000000000000	61000.000000000000	-37097.331385221150	11021.706042854072	-1.282000000000
38100.000000000000	62000.000000000000	-36262.972255011882	11687.893019370034	-1.259000000000
37600.000000000000	63000.000000000000	-36199.450915155685	10166.599895797719	-1.297000000000
37000.000000000000	64000.000000000000	-35393.101656516475	10785.562346558036	-1.275000000000
37100.000000000000	65000.000000000000	-35412.186847617188	11062.866837734618	-1.268000000000
36100.000000000000	66000.000000000000	-34706.084559411043	9934.671336033727	-1.292000000000
35800.000000000000	67000.000000000000	-34224.277281320894	10504.229841890467	-1.273000000000
35500.000000000000	68000.000000000000	-34079.977957105708	9940.075575325825	-1.287000000000
35000.000000000000	69000.000000000000	-33570.426888347865	9900.830194185262	-1.284000000000
34700.000000000000	70000.000000000000	-33321.677870112027	9682.757041281506	-1.288000000000
34100.000000000000	71000.000000000000	-32745.510529418447	9515.331847484131	-1.288000000000
34000.000000000000	72000.000000000000	-32649.482639302849	9487.427648517902	-1.288000000000
33100.000000000000	73000.000000000000	-31840.076902450666	9045.413359599863	-1.294000000000
32700.000000000000	74000.000000000000	-31336.478553692010	9344.255553761390	-1.281000000000
32400.000000000000	75000.000000000000	-31113.036397453303	9040.960465058235	-1.288000000000
32400.000000000000	76000.000000000000	-31236.556681506376	8604.506184728983	-1.302000000000
32200.000000000000	77000.000000000000	-31168.512144426397	8084.791320915107	-1.317000000000
32000.000000000000	78000.000000000000	-30926.154192315396	8220.279002146633	-1.311000000000
31500.000000000000	79000.000000000000	-30352.082840641578	8426.213101674501	-1.300000000000
31200.000000000000	80000.000000000000	-30020.909954715582	8496.173579374352	-1.295000000000
30900.000000000000	81000.000000000000	-29798.611050943869	8176.354899010061	-1.303000000000
30300.000000000000	82000.000000000000	-29179.544208326675	8163.589884009925	-1.298000000000
30300.000000000000	83000.000000000000	-29203.903633392110	8076.014646565912	-1.301000000000
29900.000000000000	84000.000000000000	-28786.265488381785	8084.610023519994	-1.297000000000
29500.000000000000	85000.000000000000	-28393.174292773830	8004.851877465774	-1.296000000000
29300.000000000000	86000.000000000000	-28324.272465666891	7498.372442781461	-1.312000000000
29000.000000000000	87000.000000000000	-28011.871937391483	7505.666563549137	-1.309000000000
28700.000000000000	88000.000000000000	-27744.253234288048	7344.822153850783	-1.312000000000
28300.000000000000	89000.000000000000	-27321.019652154231	7379.152062845861	-1.307000000000
28300.000000000000	90000.000000000000	-27321.019652154231	7379.152062845861	-1.307000000000
27900.000000000000	91000.000000000000	-26927.568510907080	7301.784308674526	-1.306000000000
27700.000000000000	92000.000000000000	-26798.700699535202	7008.540562537360	-1.315000000000
27600.000000000000	93000.000000000000	-26701.954487623519	6983.238972058885	-1.315000000000
27300.000000000000	94000.000000000000	-26369.796685889225	7065.679213272118	-1.309000000000
26800.000000000000	95000.000000000000	-25934.752653456864	6754.894877347248	-1.316000000000
26600.000000000000	96000.000000000000	-25727.749279316045	6755.954190242312	-1.314000000000
26400.000000000000	97000.000000000000	-25567.514025252298	6577.402722087734	-1.319000000000
26300.000000000000	98000.000000000000	-25483.721407798494	6501.533912063583	-1.321000000000
26100.000000000000	99000.000000000000	-25309.171293704028	6376.193882399441	-1.324000000000
25800.000000000000	100000.000000000000	-25030.817042519204	6252.855202539889	-1.326000000000
25600.000000000000	101000.000000000000	-24855.281058130135	6129.845309741298	-1.329000000000
25300.000000000000	102000.000000000000	-24539.579741304984	6156.218491909948	-1.325000000000
25000.000000000000	103000.000000000000	-24260.714516736552	6034.710526397127	-1.327000000000
24900.000000000000	104000.000000000000	-24151.602195987911	6058.886974251293	-1.325000000000
24700.000000000000	105000.000000000000	-23969.585942535716	5962.294000080361	-1.327000000000
24300.000000000000	106000.000000000000	-23569.635878012297	5912.889697763310	-1.325000000000
24200.000000000000	107000.000000000000	-23484.371652200985	5841.599789552419	-1.327000000000
23900.000000000000	108000.000000000000	-23152.290892826539	5931.393294491712	-1.320000000000
23800.000000000000	109000.000000000000	-23124.636620449288	5629.492088294978	-1.332000000000
23600.000000000000	110000.000000000000	-22902.114503799305	5696.766736918888	-1.327000000000
23500.000000000000	111000.000000000000	-22810.732870146861	5649.819990654698	-1.328000000000
23400.000000000000	112000.000000000000	-22708.028787665415	5648.489052707710	-1.327000000000
23100.000000000000	113000.000000000000	-22433.527529976131	5508.796834319004	-1.330000000000
22900.000000000000	114000.000000000000	-22255.581057922584	5394.359255207007	-1.333000000000
22700.000000000000	115000.000000000000	-22034.197283078032	5457.485693100495	-1.328000000000
22700.000000000000	116000.000000000000	-22066.545386406255	5325.183068183929	-1.334000000000
22300.000000000000	117000.000000000000	-21651.279984230547	5339.669937782459	-1.329000000000
22200.000000000000	118000.000000000000	-21611.356825636092	5078.312333347798	-1.340000000000
22200.000000000000	119000.000000000000	-21570.039200587151	5251.038838661702	-1.332000000000
21900.000000000000	120000.000000000000	-21283.721623078803	5158.797715678316	-1.333000000000
21800.000000000000	121000.000000000000	-21171.034638678771	5198.777964855164	-1.330000000000
21800.000000000000	122000.000000000000	-21181.389845621616	5156.425526253383	-1.332000000000
21500.000000000000	123000.000000000000	-20859.014202099337	5210.712668783241	-1.326000000000
21400.000000000000	124000.000000000000	-20822.736913508215	4936.965407091927	-1.338000000000
21000.000000000000	125000.000000000000	-20404.091135690549	4967.198901436745	-1.332000000000
21500.000000000000	126000.000000000000	-20963.831881980488	4771.556645797937	-1.347000000000
20900.000000000000	127000.000000000000	-20297.001098549830	4984.149516764814	-1.330000000000
20700.000000000000	128000.000000000000	-20117.490301266265	4876.123868243888	-1.333000000000
20600.000000000000	129000.000000000000	-20020.304357781886	4852.567714291019	-1.333000000000
20400.000000000000	130000.000000000000	-19821.117103242246	4825.278932824267	-1.332000000000
20300.000000000000	131000.000000000000	-19780.152781197681	4564.598115111295	-1.344000000000
20200.000000000000	132000.000000000000	-19682.713604935623	4542.112410110746	-1.344000000000
20000.000000000000	133000.000000000000	-19483.328368244107	4516.626583543778	-1.343000000000
20000.000000000000	134000.000000000000	-19478.802000749965	4536.107650351695	-1.342000000000
19900.000000000000	135000.000000000000	-19390.396076149453	4474.655295109102	-1.344000000000
19700.000000000000	136000.000000000000	-19182.142312138611	4487.250418336559	-1.341000000000
19600.000000000000	137000.000000000000	-19084.771031366330	4464.472497431298	-1.341000000000
19400.000000000000	138000.000000000000	-18898.828517196784	4381.127786037465	-1.343000000000
19200.000000000000	139000.000000000000	-18703.995233514343	4335.961520202027	-1.343000000000
19200.000000000000	140000.000000000000	-18699.649920719967	4354.663344337628	-1.342000000000
19100.000000000000	141000.000000000000	-18602.255910716216	4331.982806085869	-1.342000000000
19000.000000000000	142000.000000000000	-18517.706516308019	4253.768373558155	-1.345000000000
18800.000000000000	143000.000000000000	-18318.565137266818	4227.312540103070	-1.344000000000
18700.000000000000	144000.000000000000	-18225.321676576837	4186.603609765131	-1.345000000000
18600.000000000000	145000.000000000000	-18127.860063333112	4164.215355167456	-1.345000000000
18500.000000000000	146000.000000000000	-18034.531261301177	4123.794634211379	-1.346000000000
18400.000000000000	147000.000000000000	-17928.808432218590	4137.369720100877	-1.344000000000
18300.000000000000	148000.000000000000	-17843.633648383391	4061.371470609407	-1.347000000000
18200.000000000000	149000.000000000000	-17742.079403009808	4056.922288791735	-1.346000000000
18100.000000000000	150000.000000000000	-17648.621258783573	4016.984897160124	-1.347000000000
18000.000000000000	151000.000000000000	-17551.115063983663	3994.791610435482	-1.347000000000
17900.000000000000	152000.000000000000	-17461.519153328278	3937.683184049948	-1.349000000000
17800.000000000000	153000.000000000000	-17360.044400711817	3933.046962002143	-1.348000000000
17700.000000000000	154000.000000000000	-17262.516061381975	3910.951192552693	-1.348000000000
17500.000000000000	155000.000000000000	-17071.317608002504	3849.690263735983	-1.349000000000
17500.000000000000	156000.000000000000	-17067.459382722292	3866.759653653792	-1.348000000000
17400.000000000000	157000.000000000000	-16973.767221671063	3827.692033657491	-1.349000000000
17300.000000000000	158000.000000000000	-16876.216835339619	3805.693803579000	-1.349000000000
17200.000000000000	159000.000000000000	-16782.441754618536	3766.915018000314	-1.350000000000
17100.000000000000	160000.000000000000	-16684.869418835871	3745.014349291010	-1.350000000000
17000.000000000000	161000.000000000000	-16591.011902465416	3706.524524706518	-1.351000000000
16900.000000000000	162000.000000000000	-16493.417714803854	3684.721439267068	-1.351000000000
16800.000000000000	163000.000000000000	-16395.823527142293	3662.918353827618	-1.351000000000
16700.000000000000	164000.000000000000	-16305.478968714877	3608.511549212065	-1.353000000000
16600.000000000000	165000.000000000000	-16207.841370099817	3586.903695623969	-1.353000000000
16500.000000000000	166000.000000000000	-16103.040964157610	3597.509097509268	-1.351000000000
16400.000000000000	167000.000000000000	-16009.014479189447	3559.698780108037	-1.352000000000
16400.000000000000	168000.000000000000	-16012.566172869700	3543.687988447777	-1.353000000000
16300.000000000000	169000.000000000000	-15914.928574254640	3522.080134859681	-1.353000000000
16200.000000000000	170000.000000000000	-15820.783538692613	3484.653242696163	-1.354000000000
16100.000000000000	171000.000000000000	-15719.653377024522	3478.864427683488	-1.353000000000
16000.000000000000	172000.000000000000	-15622.015778409463	3457.256574095392	-1.353000000000
15900.000000000000	173000.000000000000	-15531.218423908544	3404.593113551723	-1.355000000000
15900.000000000000	174000.000000000000	-15534.615250846098	3389.060195419934	-1.356000000000
15800.000000000000	175000.000000000000	-15440.273294470517	3352.306756855731	-1.357000000000
15700.000000000000	176000.000000000000	-15332.487750461360	3377.102216687022	-1.354000000000
15600.000000000000	177000.000000000000	-15244.826797072155	3309.872494110722	-1.357000000000
15500.000000000000	178000.000000000000	-15140.495947835372	3318.942972330296	-1.355000000000
15500.000000000000	179000.000000000000	-15140.495947835372	3318.942972330296	-1.355000000000
15400.000000000000	180000.000000000000	-15049.380299673796	3267.438231365712	-1.357000000000
15300.000000000000	181000.000000000000	-14951.657050974614	3246.221099993208	-1.357000000000
15200.000000000000	182000.000000000000	-14853.933802275435	3225.003968620703	-1.357000000000
15200.000000000000	183000.000000000000	-14853.933802275435	3225.003968620703	-1.357000000000
15100.000000000000	184000.000000000000	-14752.999389168308	3218.541443449120	-1.356000000000
15000.000000000000	185000.000000000000	-14661.662544809478	3167.909629729176	-1.358000000000
14900.000000000000	186000.000000000000	-14573.292946797703	3103.084382806295	-1.361000000000
14800.000000000000	187000.000000000000	-14469.292148106153	3111.203100530985	-1.359000000000
14800.000000000000	188000.000000000000	-14469.292148106153	3111.203100530985	-1.359000000000
14700.000000000000	189000.000000000000	-14374.609655799150	3075.808388603863	-1.360000000000
14600.000000000000	190000.000000000000	-14276.823195555617	3054.884522014721	-1.360000000000
14600.000000000000	191000.000000000000	-14282.904406889595	3026.324784892363	-1.362000000000
14500.000000000000	192000.000000000000	-14179.036735312085	3033.960655425579	-1.360000000000
14400.000000000000	193000.000000000000	-14078.230198157338	3027.116530246364	-1.359000000000
14400.000000000000	194000.000000000000	-14084.256270730666	2998.954034389977	-1.361000000000
14300.000000000000	195000.000000000000	-13989.420069761725	2964.140029038410	-1.362000000000
14200.000000000000	196000.000000000000	-13879.707209086306	2998.954449476953	-1.358000000000
14200.000000000000	197000.000000000000	-13894.528422876887	2929.518715739208	-1.363000000000
14100.000000000000	198000.000000000000	-13796.679631166488	2908.888302248087	-1.363000000000
14100.000000000000	199000.000000000000	-13796.679631166488	2908.888302248087	-1.363000000000
14000.000000000000	200000.000000000000	-13693.026929877036	2915.649755656922	-1.361000000000
13900.000000000000	201000.000000000000	-13595.219594663627	2894.823685973658	-1.361000000000
13900.000000000000	202000.000000000000	-13598.107620257901	2881.227021233140	-1.362000000000
13800.000000000000	203000.000000000000	-13503.133256035286	2846.997061774723	-1.363000000000
13700.000000000000	204000.000000000000	-13408.104127860433	2812.959952870283	-1.364000000000
13700.000000000000	205000.000000000000	-13402.451395505988	2839.770517330505	-1.362000000000
13600.000000000000	206000.000000000000	-13310.234754664372	2792.427398469770	-1.364000000000
13600.000000000000	207000.000000000000	-13313.020526480614	2779.115769719897	-1.365000000000
13500.000000000000	208000.000000000000	-13212.365381468311	2771.894844069257	-1.364000000000
13500.000000000000	209000.000000000000	-13212.365381468311	2771.894844069257	-1.364000000000
13400.000000000000	210000.000000000000	-13117.240812855900	2738.246420165192	-1.365000000000
13300.000000000000	211000.000000000000	-13016.626635076187	2730.829735268231	-1.364000000000
13300.000000000000	212000.000000000000	-13016.626635076187	2730.829735268231	-1.364000000000
13200.000000000000	213000.000000000000	-12924.152015122223	2684.454262976409	-1.366000000000
13200.000000000000	214000.000000000000	-12918.757261880126	2710.297180867718	-1.364000000000
13100.000000000000	215000.000000000000	-12823.571242418826	2676.942395833136	-1.365000000000
13000.000000000000	216000.000000000000	-12725.681385606469	2656.507721055784	-1.365000000000
13000.000000000000	217000.000000000000	-12728.331530044614	2643.780713537373	-1.366000000000
12900.000000000000	218000.000000000000	-12627.791528794112	2636.073046278431	-1.365000000000
12900.000000000000	219000.000000000000	-12630.421287505807	2623.443938817854	-1.366000000000
12900.000000000000	220000.000000000000	-12627.791528794112	2636.073046278431	-1.365000000000
12800.000000000000	221000.000000000000	-12532.511044967003	2603.107164098336	-1.366000000000
12700.000000000000	222000.000000000000	-12439.741470569947	2557.896038814369	-1.368000000000
12700.000000000000	223000.000000000000	-12437.177355087231	2570.334499263737	-1.367000000000
12600.000000000000	224000.000000000000	-12339.246824732214	2550.095644938826	-1.367000000000
12600.000000000000	225000.000000000000	-12344.322334136541	2525.412067552098	-1.369000000000
12500.000000000000	226000.000000000000	-12241.316294377197	2529.856790613915	-1.367000000000
12500.000000000000	227000.000000000000	-12246.351521960854	2505.369114635017	-1.369000000000
12400.000000000000	228000.000000000000	-12145.889309847822	2497.473297740014	-1.368000000000
12400.000000000000	229000.000000000000	-12145.889309847822	2497.473297740014	-1.368000000000
12300.000000000000	230000.000000000000	-12050.409897609481	2465.283208800857	-1.369000000000
12300.000000000000	231000.000000000000	-12047.938589607114	2477.332384048562	-1.368000000000
12200.000000000000	232000.000000000000	-11949.987869366405	2457.191470357111	-1.368000000000
12200.000000000000	233000.000000000000	-11952.439085433794	2445.240255883777	-1.369000000000
12100.000000000000	234000.000000000000	-11856.887542923232	2413.341624070631	-1.370000000000
12100.000000000000	235000.000000000000	-11852.037149125697	2437.050556665659	-1.368000000000
12000.000000000000	236000.000000000000	-11756.497461082421	2405.154350049617	-1.369000000000
12000.000000000000	237000.000000000000	-11756.497461082421	2405.154350049617	-1.369000000000
11900.000000000000	238000.000000000000	-11660.905930643508	2373.451679871117	-1.370000000000
11900.000000000000	239000.000000000000	-11658.526648906734	2385.111397132537	-1.369000000000
11900.000000000000	240000.000000000000	-11663.273551475326	2361.789589158218	-1.371000000000
11800.000000000000	241000.000000000000	-11560.555836731048	2365.068444215457	-1.369000000000
11800.000000000000	242000.000000000000	-11562.915124503648	2353.506707771360	-1.370000000000
11700.000000000000	243000.000000000000	-11469.568508882721	2310.627235199522	-1.372000000000
11700.000000000000	244000.000000000000	-11467.252147248850	2322.095646483290	-1.371000000000
11600.000000000000	245000.000000000000	-11366.933512223924	2313.616763571845	-1.370000000000
11600.000000000000	246000.000000000000	-11366.933512223924	2313.616763571845	-1.370000000000
11600.000000000000	247000.000000000000	-11366.933512223924	2313.616763571845	-1.370000000000
11500.000000000000	248000.000000000000	-11275.773000932817	2259.854692548736	-1.373000000000
11500.000000000000	249000.000000000000	-11268.942706084063	2293.671791472088	-1.370000000000
11400.000000000000	250000.000000000000	-11170.951899944203	2273.726819372331	-1.370000000000
11400.000000000000	251000.000000000000	-11173.220040909136	2262.554732470898	-1.371000000000
11300.000000000000	252000.000000000000	-11077.446508579038	2231.631432286718	-1.372000000000
11300.000000000000	253000.000000000000	-11077.446508579038	2231.631432286718	-1.372000000000
11300.000000000000	254000.000000000000	-11072.961093804341	2253.781847272573	-1.370000000000
11200.000000000000	255000.000000000000	-10974.970287664479	2233.836875172816	-1.370000000000
11200.000000000000	256000.000000000000	-10977.198636682660	2222.860789795970	-1.371000000000
11100.000000000000	257000.000000000000	-10879.187934569421	2203.013818458506	-1.371000000000
11100.000000000000	258000.000000000000	-10879.187934569421	2203.013818458506	-1.371000000000
11100.000000000000	259000.000000000000	-10881.385508427196	2192.133530830316	-1.372000000000
11000.000000000000	260000.000000000000	-10783.355008351276	2172.384580102115	-1.372000000000
10980.000000000000	261000.000000000000	-10761.575092033536	2179.197452853549	-1.371000000000
10930.000000000000	262000.000000000000	-10716.886860886581	2147.844503439799	-1.373000000000
10890.000000000000	263000.000000000000	-10675.521458267764	2150.660734301094	-1.372000000000
10860.000000000000	264000.000000000000	-10648.251720880904	2134.088866180806	-1.373000000000
10820.000000000000	265000.000000000000	-10609.031640877660	2126.228502032811	-1.373000000000
10790.000000000000	266000.000000000000	-10577.490958191842	2130.911783572893	-1.372000000000
10750.000000000000	267000.000000000000	-10540.396500871981	2112.472864773818	-1.373000000000
10720.000000000000	268000.000000000000	-10506.747266539118	2127.595327376142	-1.371000000000
10660.000000000000	269000.000000000000	-10450.051308093145	2105.238147626231	-1.372000000000
10630.000000000000	270000.000000000000	-10422.736260862248	2088.891772329831	-1.373000000000
10600.000000000000	271000.000000000000	-10393.321200859815	2082.996499218835	-1.373000000000
10560.000000000000	272000.000000000000	-10354.101120856569	2075.136135070839	-1.373000000000
10540.000000000000	273000.000000000000	-10334.491080854947	2071.205952996841	-1.373000000000
10500.000000000000	274000.000000000000	-10295.271000851702	2063.345588848846	-1.373000000000
10450.000000000000	275000.000000000000	-10244.187257933712	2063.765351097009	-1.372000000000
10420.000000000000	276000.000000000000	-10220.905654181282	2027.187117245247	-1.375000000000
10400.000000000000	277000.000000000000	-10197.220800843592	2043.694678478857	-1.373000000000
10340.000000000000	278000.000000000000	-10140.417515437413	2021.764727313774	-1.374000000000
10330.000000000000	279000.000000000000	-10130.610535248401	2019.809442277687	-1.374000000000
10280.000000000000	280000.000000000000	-10079.560560833857	2020.113586034870	-1.373000000000
10290.000000000000	281000.000000000000	-10099.349815286423	1971.606783431745	-1.378000000000
10190.000000000000	282000.000000000000	-9997.277694230248	1972.444854602108	-1.376000000000
10200.000000000000	283000.000000000000	-9997.091615550280	2024.391076421330	-1.371000000000
10150.000000000000	284000.000000000000	-9956.064528785029	1974.659236088220	-1.375000000000
10120.000000000000	285000.000000000000	-9924.663951279170	1978.748456519864	-1.374000000000
10090.000000000000	286000.000000000000	-9897.210945363640	1962.986373608881	-1.375000000000
10050.000000000000	287000.000000000000	-9856.015089956092	1965.061461267256	-1.374000000000
10030.000000000000	288000.000000000000	-9836.401129578071	1961.150891195082	-1.374000000000
9990.000000000000	289000.000000000000	-9797.173208822027	1953.329751050735	-1.374000000000
9970.000000000000	290000.000000000000	-9777.559248444004	1949.419180978561	-1.374000000000
9930.000000000000	291000.000000000000	-9738.331327687960	1941.598040834214	-1.374000000000
9890.000000000000	292000.000000000000	-9699.103406931916	1933.776900689867	-1.374000000000
9880.000000000000	293000.000000000000	-9695.048281095453	1902.745076784616	-1.377000000000
9830.000000000000	294000.000000000000	-9640.261525797850	1922.045190473346	-1.374000000000
9800.000000000000	295000.000000000000	-9610.840585230817	1916.179335365085	-1.374000000000
9780.000000000000	296000.000000000000	-9591.226624852794	1912.268765292912	-1.374000000000
9740.000000000000	297000.000000000000	-9551.998704096750	1904.447625148564	-1.374000000000
9710.000000000000	298000.000000000000	-9524.471583694842	1889.058244573066	-1.375000000000
9690.000000000000	298999.999999999999	-9502.963803151695	1894.671199968130	-1.374000000000
9650.000000000000	299999.999999999999	-9463.735882395651	1886.850059823783	-1.374000000000
9630.000000000000	300999.999999999999	-9446.000139132990	1873.494427933947	-1.375000000000
9590.000000000000	301999.999999999999	-9404.894001261586	1875.118349607262	-1.374000000000
9560.000000000000	302999.999999999999	-9375.473060694552	1869.252494499002	-1.374000000000
9520.000000000000	303999.999999999999	-9336.245139938508	1861.431354354654	-1.374000000000
9510.000000000000	304999.999999999999	-9330.138456538731	1840.819486483420	-1.376000000000
9480.000000000000	305999.999999999999	-9297.017219182464	1853.610214210307	-1.374000000000
9440.000000000000	306999.999999999999	-9259.630458298589	1836.530363416039	-1.375000000000
9420.000000000000	307999.999999999999	-9238.175338048397	1841.878503993786	-1.374000000000
9400.000000000000	308999.999999999999	-9220.394736017663	1828.748455096480	-1.375000000000
9360.000000000000	309999.999999999999	-9179.333456914332	1830.146793777265	-1.374000000000
9330.000000000000	310999.999999999999	-9148.083660756798	1833.429937519974	-1.373000000000
9300.000000000000	311999.999999999999	-9122.305430315348	1809.293684297581	-1.375000000000
9270.000000000000	312999.999999999999	-9092.878638604652	1803.457253057911	-1.375000000000
9250.000000000000	313999.999999999999	-9073.260777464189	1799.566298898131	-1.375000000000
9230.000000000000	314999.999999999999	-9053.642916323726	1795.675344738352	-1.375000000000
9200.000000000000	315999.999999999999	-9022.421773890155	1798.862233199876	-1.374000000000
9180.000000000000	316999.999999999999	-9004.598263472570	1785.947959338902	-1.375000000000
9140.000000000000	317999.999999999999	-8967.136224265403	1769.199800889428	-1.376000000000
9120.000000000000	318999.999999999999	-8947.514481980359	1765.328466532996	-1.376000000000
9090.000000000000	319999.999999999999	-8916.317888340485	1768.438665619894	-1.375000000000
9070.000000000000	320999.999999999999	-8898.460126267748	1755.650130641916	-1.376000000000
9030.000000000000	321999.999999999999	-8859.216641697658	1747.907461929052	-1.376000000000
9020.000000000000	322999.999999999999	-8845.896130487956	1763.667102550313	-1.374000000000
8990.000000000000	323999.999999999999	-8818.228582638169	1748.983894820995	-1.375000000000
8970.000000000000	324999.999999999999	-8800.351414842524	1736.293458859756	-1.376000000000
8940.000000000000	325999.999999999999	-8769.183929787012	1739.256509421545	-1.375000000000
8910.000000000000	326999.999999999999	-8741.486187987390	1724.679455790460	-1.376000000000
8890.000000000000	327999.999999999999	-8720.139276935854	1729.529124022096	-1.375000000000
8860.000000000000	328999.999999999999	-8690.712485225160	1723.692692782427	-1.375000000000
8830.000000000000	329999.999999999999	-8661.285693514465	1717.856261542757	-1.375000000000
8810.000000000000	330999.999999999999	-8641.667832374002	1713.965307382977	-1.375000000000
8780.000000000000	331999.999999999999	-8613.944863134600	1699.515782473652	-1.376000000000
8770.000000000000	332999.999999999999	-8604.133991992077	1697.580115295436	-1.376000000000
8730.000000000000	333999.999999999999	-8564.890507421989	1689.837446582572	-1.376000000000
8720.000000000000	334999.999999999999	-8555.079636279466	1687.901779404356	-1.376000000000
8700.000000000000	335999.999999999999	-8535.457893994422	1684.030445047924	-1.376000000000
8660.000000000000	336999.999999999999	-8494.533873820528	1684.783151184629	-1.375000000000
8640.000000000000	337999.999999999999	-8474.916012680065	1680.892197024849	-1.375000000000
8620.000000000000	338999.999999999999	-8456.970924854244	1668.545107622196	-1.376000000000
8590.000000000000	339999.999999999999	-8427.538311426677	1662.738106087548	-1.376000000000
8570.000000000000	340999.999999999999	-8407.916569141631	1658.866771731116	-1.376000000000
8550.000000000000	341999.999999999999	-8386.635637547981	1663.382903305840	-1.375000000000
8520.000000000000	342999.999999999999	-8357.208845837285	1657.546472066171	-1.375000000000
8500.000000000000	343999.999999999999	-8337.590984696822	1653.655517906391	-1.375000000000
8470.000000000000	344999.999999999999	-8309.807857716409	1639.510099948956	-1.376000000000
8450.000000000000	345999.999999999999	-8290.186115431363	1635.638765592524	-1.376000000000
8440.000000000000	346999.999999999999	-8280.375244288842	1633.703098414308	-1.376000000000
8400.000000000000	347999.999999999999	-8241.131759718752	1625.960429701444	-1.376000000000
8380.000000000000	348999.999999999999	-8219.883817854045	1630.309792947713	-1.375000000000
8370.000000000000	349999.999999999999	-8208.442418202238	1636.573575204670	-1.374000000000
8350.000000000000	350999.999999999999	-8192.077404006141	1616.282093810363	-1.376000000000
8320.000000000000	351999.999999999999	-8161.030234432655	1618.636930468373	-1.375000000000
8300.000000000000	352999.999999999999	-8139.793556879161	1622.886579952062	-1.374000000000
8280.000000000000	353999.999999999999	-8121.794512151729	1610.855022148814	-1.375000000000
8250.000000000000	354999.999999999999	-8092.367720441034	1605.018590909144	-1.375000000000
8240.000000000000	355999.999999999999	-8082.558789870803	1603.073113829254	-1.375000000000
8210.000000000000	356999.999999999999	-8054.725208010828	1589.182753315340	-1.376000000000
8200.000000000000	357999.999999999999	-8044.914336868305	1587.247086137123	-1.376000000000
8170.000000000000	358999.999999999999	-8013.896275879181	1589.454774270025	-1.375000000000
8150.000000000000	359999.999999999999	-7995.859981155694	1577.568750246043	-1.376000000000
8120.000000000000	360999.999999999999	-7964.851623028024	1579.727388870576	-1.375000000000
8110.000000000000	361999.999999999999	-7958.182344097583	1561.868681449720	-1.377000000000
8100.000000000000	362999.999999999999	-7946.805625443082	1567.890414354963	-1.376000000000
8060.000000000000	363999.999999999999	-7907.562140872993	1560.147745642099	-1.376000000000
8040.000000000000	364999.999999999999	-7886.380178466172	1564.163572231457	-1.375000000000
8030.000000000000	365999.999999999999	-7875.005091775864	1570.093883977718	-1.374000000000
8010.000000000000	366999.999999999999	-7856.953386755476	1558.327140991787	-1.375000000000
7980.000000000000	367999.999999999999	-7829.075171732815	1544.662408216371	-1.376000000000
7960.000000000000	368999.999999999999	-7809.453429447770	1540.791073859939	-1.376000000000
7950.000000000000	369999.999999999999	-7798.099803334087	1546.654278512448	-1.375000000000
7910.000000000000	370999.999999999999	-7760.399073735158	1531.112737968859	-1.376000000000
7910.000000000000	371999.999999999999	-7758.864081053161	1538.872370192889	-1.375000000000
7900.000000000000	372999.999999999999	-7749.055150482930	1536.926893112999	-1.375000000000
7860.000000000000	373999.999999999999	-7709.819428202003	1529.144984793439	-1.375000000000
7850.000000000000	374999.999999999999	-7700.010497631772	1527.199507713549	-1.375000000000
7830.000000000000	375999.999999999999	-7683.423890787186	1507.944731905217	-1.377000000000
7810.000000000000	376999.999999999999	-7660.774775350846	1519.417599393990	-1.375000000000
7780.000000000000	377999.999999999999	-7632.857748882368	1505.949064652051	-1.376000000000
7770.000000000000	378999.999999999999	-7621.539053069920	1511.635691074430	-1.375000000000
7750.000000000000	379999.999999999999	-7601.921191929457	1507.744736914651	-1.375000000000
7740.000000000000	380999.999999999999	-7592.112261359225	1505.799259834761	-1.375000000000
7710.000000000000	381999.999999999999	-7562.685469648530	1499.962828595091	-1.375000000000
7690.000000000000	382999.999999999999	-7543.067608508067	1496.071874435311	-1.375000000000
7680.000000000000	383999.999999999999	-7534.749037457144	1486.592392869891	-1.376000000000
7660.000000000000	384999.999999999999	-7512.146824782455	1497.748337642505	-1.374000000000
7630.000000000000	385999.999999999999	-7484.214025086678	1484.399011955972	-1.375000000000
7620.000000000000	386999.999999999999	-7474.405094516446	1482.453534876082	-1.375000000000
7600.000000000000	387999.999999999999	-7453.304943648389	1486.016627425985	-1.374000000000
7570.000000000000	388999.999999999999	-7423.884003081355	1480.150772317724	-1.374000000000
7570.000000000000	389999.999999999999	-7423.884003081355	1480.150772317724	-1.374000000000
7550.000000000000	390999.999999999999	-7405.742580524825	1468.835195316853	-1.375000000000
7530.000000000000	391999.999999999999	-7386.124719384362	1464.944241157074	-1.375000000000
7510.000000000000	392999.999999999999	-7365.042121947289	1468.419062101203	-1.374000000000
7490.000000000000	393999.999999999999	-7346.888997103436	1457.162332837514	-1.375000000000
7470.000000000000	394999.999999999999	-7325.814201191245	1460.597921956856	-1.374000000000
7460.000000000000	395999.999999999999	-7316.007221002234	1458.642636920769	-1.374000000000
7440.000000000000	396999.999999999999	-7296.393260624211	1454.732066848595	-1.374000000000
7420.000000000000	397999.999999999999	-7278.226483111815	1443.543993278285	-1.375000000000
7400.000000000000	398999.999999999999	-7257.165339868167	1446.910926704248	-1.374000000000
7390.000000000000	399999.999999999999	-7247.358359679157	1444.955641668161	-1.374000000000
7370.000000000000	400999.999999999999	-7227.744399301135	1441.045071595988	-1.374000000000
7350.000000000000	401999.999999999999	-7208.130438923113	1437.134501523814	-1.374000000000
7340.000000000000	402999.999999999999	-7196.884680595381	1442.376821157193	-1.373000000000
7320.000000000000	403999.999999999999	-7178.709498356079	1431.268646415554	-1.374000000000
7300.000000000000	404999.999999999999	-7157.664600592137	1434.516457009198	-1.373000000000
7280.000000000000	405999.999999999999	-7138.054560590514	1430.586274935200	-1.373000000000
7270.000000000000	406999.999999999999	-7129.674597411024	1421.492221235119	-1.374000000000
7260.000000000000	407999.999999999999	-7119.867617222013	1419.536936199033	-1.374000000000
7240.000000000000	408999.999999999999	-7098.834480587269	1422.725910787204	-1.373000000000
7220.000000000000	409999.999999999999	-7080.639696465969	1411.715796054685	-1.374000000000
7200.000000000000	410999.999999999999	-7061.025736087947	1407.805225982512	-1.374000000000
7180.000000000000	411999.999999999999	-7041.411775709925	1403.894655910338	-1.374000000000
7170.000000000000	412999.999999999999	-7028.786855443514	1415.999767212015	-1.372000000000
7150.000000000000	413999.999999999999	-7011.990835142892	1398.028800802078	-1.374000000000
7140.000000000000	414999.999999999999	-7002.183854953881	1396.073515765991	-1.374000000000
7120.000000000000	415999.999999999999	-6982.569894575859	1392.162945693817	-1.374000000000
7110.000000000000	416999.999999999999	-6972.762914386848	1390.207660657730	-1.374000000000
7090.000000000000	417999.999999999999	-6953.148954008826	1386.297090585557	-1.374000000000
7070.000000000000	418999.999999999999	-6932.149140573480	1389.319363158223	-1.373000000000
7060.000000000000	419999.999999999999	-6922.344120572669	1387.354272121224	-1.373000000000
7050.000000000000	420999.999999999999	-6911.150255352409	1392.301026338173	-1.372000000000
7030.000000000000	421999.999999999999	-6892.929060570235	1381.458999010227	-1.373000000000
7010.000000000000	422999.999999999999	-6873.319020568613	1377.528816936230	-1.373000000000
6990.000000000000	423999.999999999999	-6853.708980566990	1373.598634862232	-1.373000000000
6980.000000000000	424999.999999999999	-6842.528905299264	1378.476760828433	-1.372000000000
6970.000000000000	425999.999999999999	-6832.725855291672	1376.501865755613	-1.372000000000
6950.000000000000	426999.999999999999	-6814.488900563746	1365.738270714236	-1.373000000000
6920.000000000000	427999.999999999999	-6786.430290795638	1353.057244972081	-1.374000000000
6920.000000000000	428999.999999999999	-6783.710605253712	1366.627390391512	-1.372000000000
6900.000000000000	429999.999999999999	-6764.104505238528	1362.677600245872	-1.372000000000
6880.000000000000	430999.999999999999	-6744.498405223343	1358.727810100232	-1.372000000000
6880.000000000000	431999.999999999999	-6744.498405223343	1358.727810100232	-1.372000000000
6860.000000000000	432999.999999999999	-6724.892305208159	1354.778019954591	-1.372000000000
6840.000000000000	433999.999999999999	-6705.286205192975	1350.828229808951	-1.372000000000
6830.000000000000	434999.999999999999	-6695.483155185383	1348.853334736131	-1.372000000000
6820.000000000000	435999.999999999999	-6684.329884122834	1353.563445215046	-1.371000000000
6790.000000000000	436999.999999999999	-6656.270955155015	1340.953754444851	-1.372000000000
6790.000000000000	437999.999999999999	-6656.270955155015	1340.953754444851	-1.372000000000
6780.000000000000	438999.999999999999	-6647.803560549956	1332.331723085255	-1.373000000000
6760.000000000000	439999.999999999999	-6626.861805132238	1335.029069226390	-1.372000000000
6740.000000000000	440999.999999999999	-6607.255705117054	1331.079279080750	-1.372000000000
6720.000000000000	441999.999999999999	-6588.973440545090	1320.541176863261	-1.373000000000
6720.000000000000	442999.999999999999	-6586.319182009596	1333.716473877582	-1.371000000000
6700.000000000000	443999.999999999999	-6568.043505086686	1323.179698789470	-1.372000000000
6680.000000000000	444999.999999999999	-6547.114901164301	1325.777685342596	-1.371000000000
6670.000000000000	445999.999999999999	-6537.313830952977	1323.792988208850	-1.371000000000
6660.000000000000	446999.999999999999	-6527.512760741653	1321.808291075104	-1.371000000000
6650.000000000000	447999.999999999999	-6517.711690530329	1319.823593941357	-1.371000000000
6630.000000000000	448999.999999999999	-6498.109550107682	1315.854199673864	-1.371000000000
6620.000000000000	449999.999999999999	-6488.308479896358	1313.869502540118	-1.371000000000
6600.000000000000	450999.999999999999	-6468.706339473711	1309.900108272625	-1.371000000000
6590.000000000000	451999.999999999999	-6458.905269262386	1307.915411138879	-1.371000000000
6570.000000000000	452999.999999999999	-6439.303128839739	1303.946016871386	-1.371000000000
6560.000000000000	453999.999999999999	-6428.196882774909	1308.390169744078	-1.370000000000
6550.000000000000	454999.999999999999	-6419.700988417091	1299.976622603893	-1.371000000000
6530.000000000000	455999.999999999999	-6400.098847994444	1296.007228336400	-1.371000000000
6520.000000000000	456999.999999999999	-6390.297777783120	1294.022531202654	-1.371000000000
6500.000000000000	457999.999999999999	-6369.402399090992	1296.423186484224	-1.370000000000
6490.000000000000	458999.999999999999	-6359.603318477006	1294.428689274248	-1.370000000000
6480.000000000000	459999.999999999999	-6349.804237863020	1292.434192064272	-1.370000000000
6470.000000000000	460999.999999999999	-6341.292426726501	1284.099045533922	-1.371000000000
6450.000000000000	461999.999999999999	-6320.406996021062	1286.450700434345	-1.370000000000
6440.000000000000	462999.999999999999	-6310.607915407076	1284.456203224369	-1.370000000000
6430.000000000000	463999.999999999999	-6300.808834793089	1282.461706014393	-1.370000000000
6410.000000000000	464999.999999999999	-6282.486005458558	1272.190862731444	-1.371000000000
6400.000000000000	465999.999999999999	-6271.411592951131	1276.478214384466	-1.370000000000
6390.000000000000	466999.999999999999	-6260.334898026389	1280.744691401421	-1.369000000000
6380.000000000000	467999.999999999999	-6250.537816808820	1278.740396109713	-1.369000000000
6360.000000000000	468999.999999999999	-6230.943654373683	1274.731805526297	-1.369000000000
6350.000000000000	469999.999999999999	-6221.146573156114	1272.727510234589	-1.369000000000
6340.000000000000	470999.999999999999	-6211.349491938546	1270.723214942881	-1.369000000000
6330.000000000000	471999.999999999999	-6202.818028653228	1262.516733914636	-1.370000000000
6310.000000000000	472999.999999999999	-6180.690447188690	1270.891653930604	-1.368000000000
6300.000000000000	473999.999999999999	-6172.161167068271	1262.706033776049	-1.369000000000
6290.000000000000	474999.999999999999	-6161.100303140549	1266.863471192313	-1.368000000000
6280.000000000000	475999.999999999999	-6152.567004633133	1258.697443192633	-1.369000000000
6260.000000000000	476999.999999999999	-6132.972842197996	1254.688852609217	-1.369000000000
6250.000000000000	477999.999999999999	-6123.175760980427	1252.684557317509	-1.369000000000
6240.000000000000	478999.999999999999	-6113.378679762859	1250.680262025801	-1.369000000000
6230.000000000000	479999.999999999999	-6103.581598545290	1248.675966734093	-1.369000000000
6220.000000000000	480999.999999999999	-6092.534798972053	1252.764831608297	-1.368000000000
6200.000000000000	481999.999999999999	-6074.190354892584	1242.663080858969	-1.369000000000
6190.000000000000	482999.999999999999	-6063.149582899840	1246.722557500862	-1.368000000000
6180.000000000000	483999.999999999999	-6054.596192457447	1238.654490275553	-1.369000000000
6170.000000000000	484999.999999999999	-6043.559438851698	1242.694374762571	-1.368000000000
6150.000000000000	485999.999999999999	-6023.969294803557	1238.666192024281	-1.368000000000
6140.000000000000	486999.999999999999	-6014.174222779487	1236.652100655136	-1.368000000000
6130.000000000000	487999.999999999999	-6004.379150755415	1234.638009285991	-1.368000000000
6120.000000000000	488999.999999999999	-5993.348457727076	1238.617884684573	-1.367000000000
6110.000000000000	489999.999999999999	-5983.555404691574	1236.593999252082	-1.367000000000
6090.000000000000	490999.999999999999	-5965.198862659132	1226.581643809410	-1.368000000000
6080.000000000000	491999.999999999999	-5954.176245585068	1230.522342954608	-1.367000000000
6070.000000000000	492999.999999999999	-5944.383192549567	1228.498457522117	-1.367000000000
6060.000000000000	493999.999999999999	-5934.590139514065	1226.474572089626	-1.367000000000
6050.000000000000	494999.999999999999	-5924.797086478563	1224.450686657135	-1.367000000000
6040.000000000000	495999.999999999999	-5913.778649343805	1228.341193058902	-1.366000000000
6020.000000000000	496999.999999999999	-5895.417927372058	1218.379030359661	-1.367000000000
6010.000000000000	497999.999999999999	-5884.405576582163	1222.240160643047	-1.366000000000
6010.000000000000	498999.999999999999	-5885.624874336556	1216.355144927170	-1.367000000000
5990.000000000000	499999.999999999999	-5864.823528074402	1218.172805699143	-1.366000000000
5980.000000000000	500999.999999999999	-5855.032503820522	1216.139128227192	-1.366000000000
5970.000000000000	501999.999999999999	-5846.452662194550	1208.259603197206	-1.367000000000
5960.000000000000	502999.999999999999	-5836.659609159047	1206.235717764715	-1.367000000000
5950.000000000000	503999.999999999999	-5825.659431058881	1210.038095811336	-1.366000000000
5930.000000000000	504999.999999999999	-5806.077382551120	1205.970740867432	-1.366000000000
5920.000000000000	505999.999999999999	-5796.286358297240	1203.937063395480	-1.366000000000
5920.000000000000	506999.999999999999	-5796.286358297240	1203.937063395480	-1.366000000000
5900.000000000000	507999.999999999999	-5775.501551929090	1205.645811863779	-1.365000000000
5890.000000000000	508999.999999999999	-5765.712566247854	1203.602344386044	-1.365000000000
5880.000000000000	509999.999999999999	-5757.122261281717	1195.802353507673	-1.366000000000
5870.000000000000	510999.999999999999	-5746.134594885382	1199.515409430573	-1.365000000000
5860.000000000000	511999.999999999999	-5736.345609204147	1197.471941952838	-1.365000000000
5850.000000000000	512999.999999999999	-5726.556623522912	1195.428474475103	-1.365000000000
5840.000000000000	513999.999999999999	-5716.767637841675	1193.385006997368	-1.365000000000
5830.000000000000	514999.999999999999	-5706.978652160440	1191.341539519632	-1.365000000000
5820.000000000000	515999.999999999999	-5697.189666479204	1189.298072041897	-1.365000000000
5810.000000000000	516999.999999999999	-5687.400680797969	1187.254604564162	-1.365000000000
5800.000000000000	517999.999999999999	-5677.611695116732	1185.211137086427	-1.365000000000
5790.000000000000	518999.999999999999	-5666.636708051964	1188.834899789704	-1.364000000000
5770.000000000000	519999.999999999999	-5648.244738073025	1179.080734653221	-1.365000000000
5770.000000000000	520999.999999999999	-5648.244738073025	1179.080734653221	-1.365000000000
5750.000000000000	521999.999999999999	-5627.488958773540	1180.621878029498	-1.364000000000
5740.000000000000	522999.999999999999	-5618.877781029318	1172.950332220015	-1.365000000000
5730.000000000000	523999.999999999999	-5607.915084134327	1176.515367149396	-1.364000000000
5720.000000000000	524999.999999999999	-5598.128146814721	1174.462111709345	-1.364000000000
5710.000000000000	525999.999999999999	-5588.341209495115	1172.408856269293	-1.364000000000
5700.000000000000	526999.999999999999	-5578.554272175509	1170.355600829242	-1.364000000000
5690.000000000000	527999.999999999999	-5568.767334855903	1168.302345389191	-1.364000000000
5680.000000000000	528999.999999999999	-5557.811369150755	1171.807486295683	-1.363000000000
5670.000000000000	529999.999999999999	-5549.193460216690	1164.195834509088	-1.364000000000
5660.000000000000	530999.999999999999	-5538.241610808675	1167.681403597459	-1.363000000000
5650.000000000000	531999.999999999999	-5528.456731637635	1165.618362248347	-1.363000000000
5640.000000000000	532999.999999999999	-5518.671852466595	1163.555320899235	-1.363000000000
5630.000000000000	533999.999999999999	-5510.045710938266	1155.982812748883	-1.364000000000
5620.000000000000	534999.999999999999	-5499.102094124515	1159.429238201011	-1.363000000000
5620.000000000000	535999.999999999999	-5499.102094124515	1159.429238201011	-1.363000000000
5600.000000000000	536999.999999999999	-5478.374293053543	1160.782109273783	-1.362000000000
5590.000000000000	537999.999999999999	-5469.747456611394	1153.240114153674	-1.363000000000
5590.000000000000	538999.999999999999	-5469.747456611394	1153.240114153674	-1.363000000000
5570.000000000000	539999.999999999999	-5450.177698269315	1149.114031455450	-1.363000000000
5570.000000000000	540999.999999999999	-5450.177698269315	1149.114031455450	-1.363000000000
5550.000000000000	541999.999999999999	-5429.460236865565	1150.417983298124	-1.362000000000
5540.000000000000	542999.999999999999	-5419.677425627970	1148.345158102993	-1.362000000000
5530.000000000000	543999.999999999999	-5409.894614390373	1146.272332907861	-1.362000000000
5530.000000000000	544999.999999999999	-5409.894614390373	1146.272332907861	-1.362000000000
5520.000000000000	545999.999999999999	-5400.111803152778	1144.199507712729	-1.362000000000
5510.000000000000	546999.999999999999	-5389.184170258748	1147.516439547831	-1.361000000000
5500.000000000000	547999.999999999999	-5379.403436737407	1145.433832579505	-1.361000000000
5490.000000000000	548999.999999999999	-5370.763369439991	1137.981032127334	-1.362000000000
5480.000000000000	549999.999999999999	-5359.841969694726	1141.268618642852	-1.361000000000
5470.000000000000	550999.999999999999	-5351.197746964800	1133.835381737070	-1.362000000000
5460.000000000000	551999.999999999999	-5340.280502652044	1137.103404706199	-1.361000000000
5450.000000000000	552999.999999999999	-5329.362083272474	1140.350729108235	-1.360000000000
5440.000000000000	553999.999999999999	-5318.442519303883	1143.577355870848	-1.359000000000
5430.000000000000	554999.999999999999	-5310.938302088021	1130.855583801220	-1.361000000000
5420.000000000000	555999.999999999999	-5300.026145199414	1134.073569131492	-1.360000000000
5410.000000000000	556999.999999999999	-5291.376835045340	1126.690369864568	-1.361000000000
5410.000000000000	557999.999999999999	-5290.247499175061	1131.981182472578	-1.360000000000
5390.000000000000	558999.999999999999	-5271.815368002659	1122.525155927915	-1.361000000000
5390.000000000000	559999.999999999999	-5270.690207126355	1127.796409154750	-1.360000000000
5380.000000000000	560999.999999999999	-5262.034634481318	1120.442548959589	-1.361000000000
5370.000000000000	561999.999999999999	-5251.132915077648	1123.611635836922	-1.360000000000
5360.000000000000	562999.999999999999	-5241.354269053295	1121.519249178007	-1.360000000000
5350.000000000000	563999.999999999999	-5231.575623028942	1119.426862519093	-1.360000000000
5340.000000000000	564999.999999999999	-5220.677031816680	1122.555713299693	-1.359000000000
5330.000000000000	565999.999999999999	-5212.018330980236	1115.242089201265	-1.360000000000
5320.000000000000	566999.999999999999	-5202.239684955883	1113.149702542350	-1.360000000000
5310.000000000000	567999.999999999999	-5191.347385570519	1116.249220528347	-1.359000000000
5310.000000000000	568999.999999999999	-5191.347385570519	1116.249220528347	-1.359000000000
5300.000000000000	569999.999999999999	-5181.570836821798	1114.147056271231	-1.359000000000
5290.000000000000	570999.999999999999	-5171.794288073078	1112.044892014115	-1.359000000000
5280.000000000000	571999.999999999999	-5160.905215772937	1115.104189664670	-1.358000000000
5270.000000000000	572999.999999999999	-5151.130774076397	1112.992249911517	-1.358000000000
5260.000000000000	573999.999999999999	-5142.464641826917	1105.738399242769	-1.359000000000
5250.000000000000	574999.999999999999	-5131.581890683317	1108.768370405211	-1.358000000000
5250.000000000000	575999.999999999999	-5131.581890683317	1108.768370405211	-1.358000000000
5240.000000000000	576999.999999999999	-5121.807448986778	1106.656430652059	-1.358000000000
5230.000000000000	577999.999999999999	-5112.033007290238	1104.544490898906	-1.358000000000
5220.000000000000	578999.999999999999	-5102.258565593698	1102.432551145753	-1.358000000000
5210.000000000000	579999.999999999999	-5091.381257227304	1105.412544507491	-1.357000000000
5200.000000000000	580999.999999999999	-5082.709682200619	1098.208671639448	-1.358000000000
5200.000000000000	581999.999999999999	-5083.805349334594	1093.125413700076	-1.359000000000
5180.000000000000	582999.999999999999	-5063.160798807539	1093.984792133142	-1.358000000000
5180.000000000000	583999.999999999999	-5063.160798807539	1093.984792133142	-1.358000000000
5170.000000000000	584999.999999999999	-5052.291957747631	1096.925691958489	-1.357000000000
5160.000000000000	585999.999999999999	-5042.519632877713	1094.803978821239	-1.357000000000
5150.000000000000	586999.999999999999	-5032.747308007795	1092.682265683988	-1.357000000000
5140.000000000000	587999.999999999999	-5022.974983137877	1090.560552546738	-1.357000000000
5140.000000000000	588999.999999999999	-5022.974983137877	1090.560552546738	-1.357000000000
5130.000000000000	589999.999999999999	-5012.111713008835	1093.451497012847	-1.356000000000
5120.000000000000	590999.999999999999	-5003.430333398041	1086.317126272237	-1.357000000000
5110.000000000000	591999.999999999999	-4992.571316466890	1089.188528213576	-1.356000000000
5100.000000000000	592999.999999999999	-4983.885683658204	1082.073699997736	-1.357000000000
5100.000000000000	593999.999999999999	-4982.801118195918	1087.057043813941	-1.356000000000
5080.000000000000	594999.999999999999	-4963.260721653974	1082.794075014671	-1.356000000000
5080.000000000000	595999.999999999999	-4964.341033918368	1077.830273723235	-1.357000000000
5070.000000000000	596999.999999999999	-4953.490523383001	1080.662590615036	-1.356000000000
5060.000000000000	597999.999999999999	-4942.639322325612	1083.474286451052	-1.355000000000
5060.000000000000	598999.999999999999	-4943.720325112029	1078.531106215401	-1.356000000000
5050.000000000000	599999.999999999999	-4933.950126841057	1076.399621815765	-1.356000000000
5040.000000000000	600999.999999999999	-4924.179928570084	1074.268137416130	-1.356000000000
5040.000000000000	601999.999999999999	-4923.103198521953	1079.191779389980	-1.355000000000
5020.000000000000	602999.999999999999	-4903.567074718295	1074.909272328909	-1.355000000000
5010.000000000000	603999.999999999999	-4892.723798077160	1077.661280611591	-1.354000000000
5010.000000000000	604999.999999999999	-4893.799012816466	1072.768018798373	-1.355000000000
5000.000000000000	605999.999999999999	-4882.957882312535	1075.510260091408	-1.354000000000
4990.000000000000	606999.999999999999	-4874.262889012807	1068.485511737302	-1.355000000000
4980.000000000000	607999.999999999999	-4863.426050783284	1071.208219051043	-1.354000000000
4980.000000000000	608999.999999999999	-4863.426050783284	1071.208219051043	-1.354000000000
4970.000000000000	609999.999999999999	-4853.660135018659	1069.057198530860	-1.354000000000
4970.000000000000	610999.999999999999	-4853.660135018659	1069.057198530860	-1.354000000000
4950.000000000000	611999.999999999999	-4834.128303489410	1064.755157490494	-1.354000000000
4940.000000000000	612999.999999999999	-4824.362387724785	1062.604136970311	-1.354000000000
4940.000000000000	613999.999999999999	-4824.362387724785	1062.604136970311	-1.354000000000
4930.000000000000	614999.999999999999	-4813.533611722416	1065.267181893143	-1.353000000000
4930.000000000000	615999.999999999999	-4813.533611722416	1065.267181893143	-1.353000000000
4920.000000000000	616999.999999999999	-4803.769851860910	1063.106396534333	-1.353000000000
4910.000000000000	617999.999999999999	-4794.006091999404	1060.945611175523	-1.353000000000
4900.000000000000	618999.999999999999	-4784.242332137898	1058.784825816714	-1.353000000000
4900.000000000000	619999.999999999999	-4784.242332137898	1058.784825816714	-1.353000000000
4890.000000000000	620999.999999999999	-4774.478572276392	1056.624040457904	-1.353000000000
4880.000000000000	621999.999999999999	-4764.714812414886	1054.463255099095	-1.353000000000
4870.000000000000	622999.999999999999	-4753.896372783695	1057.056893849155	-1.352000000000
4860.000000000000	623999.999999999999	-4745.187292691874	1050.141684381475	-1.353000000000
4860.000000000000	624999.999999999999	-4745.187292691874	1050.141684381475	-1.353000000000
4850.000000000000	625999.999999999999	-4734.373184394441	1052.715797775852	-1.352000000000
4840.000000000000	626999.999999999999	-4724.611590199813	1050.545249739201	-1.352000000000
4840.000000000000	627999.999999999999	-4724.611590199813	1050.545249739201	-1.352000000000
4830.000000000000	628999.999999999999	-4714.849996005185	1048.374701702550	-1.352000000000
4820.000000000000	629999.999999999999	-4705.088401810557	1046.204153665899	-1.352000000000
4820.000000000000	630999.999999999999	-4704.039845287253	1050.908718181495	-1.351000000000
4810.000000000000	631999.999999999999	-4695.326807615929	1044.033605629247	-1.352000000000
4800.000000000000	632999.999999999999	-4684.521007754941	1046.548101093605	-1.351000000000
4790.000000000000	633999.999999999999	-4675.803619226674	1039.692509555945	-1.352000000000
4790.000000000000	634999.999999999999	-4674.761588988785	1044.367792549660	-1.351000000000
4780.000000000000	635999.999999999999	-4665.002170222629	1042.187484005715	-1.351000000000
4770.000000000000	636999.999999999999	-4655.242751456472	1040.007175461770	-1.351000000000
4760.000000000000	637999.999999999999	-4645.483332690316	1037.826866917825	-1.351000000000
4760.000000000000	638999.999999999999	-4645.483332690316	1037.826866917825	-1.351000000000
4750.000000000000	639999.999999999999	-4635.723913924160	1035.646558373880	-1.351000000000
4740.000000000000	640999.999999999999	-4624.928716098364	1038.091696821017	-1.350000000000
4740.000000000000	641999.999999999999	-4624.928716098364	1038.091696821017	-1.350000000000
4730.000000000000	642999.999999999999	-4615.171482520098	1035.901629950086	-1.350000000000
4720.000000000000	643999.999999999999	-4605.414248941831	1033.711563079156	-1.350000000000
4710.000000000000	644999.999999999999	-4595.657015363564	1031.521496208225	-1.350000000000
4710.000000000000	645999.999999999999	-4595.657015363564	1031.521496208225	-1.350000000000
4700.000000000000	646999.999999999999	-4584.868157577816	1033.916813689093	-1.349000000000
4690.000000000000	647999.999999999999	-4575.113118944671	1031.716990681243	-1.349000000000
4690.000000000000	648999.999999999999	-4576.142548207031	1027.141362466365	-1.350000000000
4680.000000000000	649999.999999999999	-4565.358080311527	1029.517167673394	-1.349000000000
4680.000000000000	650999.999999999999	-4565.358080311527	1029.517167673394	-1.349000000000
4670.000000000000	651999.999999999999	-4555.603041678382	1027.317344665545	-1.349000000000
4660.000000000000	652999.999999999999	-4545.848003045238	1025.117521657696	-1.349000000000
4660.000000000000	653999.999999999999	-4545.848003045238	1025.117521657696	-1.349000000000
4650.000000000000	654999.999999999999	-4535.067778837638	1027.453279399436	-1.348000000000
4640.000000000000	655999.999999999999	-4525.314944904653	1025.243702454491	-1.348000000000
4640.000000000000	656999.999999999999	-4525.314944904653	1025.243702454491	-1.348000000000
4630.000000000000	657999.999999999999	-4515.562110971669	1023.034125509546	-1.348000000000
4620.000000000000	658999.999999999999	-4505.809277038686	1020.824548564601	-1.348000000000
4610.000000000000	659999.999999999999	-4496.056443105701	1018.614971619656	-1.348000000000
4610.000000000000	660999.999999999999	-4495.035580275816	1023.110518005976	-1.347000000000
4600.000000000000	661999.999999999999	-4485.284960795825	1020.891189333512	-1.347000000000
4600.000000000000	662999.999999999999	-4485.284960795825	1020.891189333512	-1.347000000000
4590.000000000000	663999.999999999999	-4475.534341315834	1018.671860661048	-1.347000000000
4580.000000000000	664999.999999999999	-4465.783721835844	1016.452531988584	-1.347000000000
4580.000000000000	665999.999999999999	-4464.765036581589	1020.917806739898	-1.346000000000
4570.000000000000	666999.999999999999	-4456.033102355852	1014.233203316120	-1.347000000000
4560.000000000000	667999.999999999999	-4446.282482875861	1012.013874643655	-1.347000000000
4560.000000000000	668999.999999999999	-4445.268246028831	1016.459650378589	-1.346000000000
4550.000000000000	669999.999999999999	-4435.519850752452	1014.230572197934	-1.346000000000
4540.000000000000	670999.999999999999	-4425.771455476072	1012.001494017279	-1.346000000000
4540.000000000000	671999.999999999999	-4425.771455476072	1012.001494017279	-1.346000000000
4530.000000000000	672999.999999999999	-4416.023060199694	1009.772415836624	-1.346000000000
4530.000000000000	673999.999999999999	-4415.011079940807	1014.187933274655	-1.345000000000
4520.000000000000	674999.999999999999	-4406.274664923315	1007.543337655969	-1.346000000000
4510.000000000000	675999.999999999999	-4396.526269646935	1005.314259475315	-1.346000000000
4510.000000000000	676999.999999999999	-4395.518757292061	1009.710282355120	-1.345000000000
4500.000000000000	677999.999999999999	-4385.772595967688	1007.471456895352	-1.345000000000
4500.000000000000	678999.999999999999	-4385.772595967688	1007.471456895352	-1.345000000000
4490.000000000000	679999.999999999999	-4376.026434643316	1005.232631435585	-1.345000000000
4480.000000000000	680999.999999999999	-4366.280273318943	1002.993805975818	-1.345000000000
4470.000000000000	681999.999999999999	-4356.534111994571	1000.754980516050	-1.345000000000
4470.000000000000	682999.999999999999	-4356.534111994571	1000.754980516050	-1.345000000000
4470.000000000000	683999.999999999999	-4356.534111994571	1000.754980516050	-1.345000000000
4460.000000000000	684999.999999999999	-4345.787261287766	1002.862443024452	-1.344000000000
4450.000000000000	685999.999999999999	-4335.040561934314	1004.949414838491	-1.343000000000
4450.000000000000	686999.999999999999	-4337.041789345825	996.277329596515	-1.345000000000
4440.000000000000	687999.999999999999	-4325.298897750192	1002.691101546719	-1.343000000000
4440.000000000000	688999.999999999999	-4326.299426035355	998.365302024342	-1.344000000000
4440.000000000000	689999.999999999999	-4326.299426035355	998.365302024342	-1.344000000000
4410.000000000000	690999.999999999999	-4291.040644325758	1017.383992769878	-1.338000000000
4410.000000000000	691999.999999999999	-4297.067673156738	991.619590524178	-1.344000000000
4410.000000000000	692999.999999999999	-4296.073905197826	995.916161671403	-1.343000000000
4400.000000000000	693999.999999999999	-4286.332241013703	993.657848379631	-1.343000000000
4400.000000000000	694999.999999999999	-4285.336440164992	997.943683077373	-1.342000000000
4390.000000000000	695999.999999999999	-4275.597039164617	995.675629252197	-1.342000000000
4380.000000000000	696999.999999999999	-4265.857638164242	993.407575427021	-1.342000000000
4380.000000000000	697999.999999999999	-4266.848912645460	989.141221796087	-1.343000000000
4370.000000000000	698999.999999999999	-4256.118237163867	991.139521601845	-1.342000000000
4370.000000000000	699999.999999999999	-4256.118237163867	991.139521601845	-1.342000000000
4360.000000000000	700999.999999999999	-4246.378836163492	988.871467776670	-1.342000000000
4360.000000000000	701999.999999999999	-4245.387841671286	993.117351469411	-1.341000000000
4350.000000000000	702999.999999999999	-4235.650713594058	990.839559378885	-1.341000000000
4340.000000000000	703999.999999999999	-4226.900034162742	984.335360126318	-1.342000000000
4340.000000000000	704999.999999999999	-4225.913585516831	988.561767288359	-1.341000000000
4330.000000000000	705999.999999999999	-4216.176457439603	986.283975197833	-1.341000000000
4330.000000000000	706999.999999999999	-4216.176457439603	986.283975197833	-1.341000000000
4320.000000000000	707999.999999999999	-4206.439329362375	984.006183107306	-1.341000000000
4320.000000000000	708999.999999999999	-4206.439329362375	984.006183107306	-1.341000000000
4310.000000000000	709999.999999999999	-4195.718374706827	985.924601654460	-1.340000000000
4300.000000000000	710999.999999999999	-4185.983529289873	983.637073576375	-1.340000000000
4300.000000000000	711999.999999999999	-4185.983529289873	983.637073576375	-1.340000000000
4290.000000000000	712999.999999999999	-4177.227945130692	977.172806835728	-1.341000000000
4280.000000000000	713999.999999999999	-4166.513838455967	979.062017420206	-1.340000000000
4280.000000000000	714999.999999999999	-4166.513838455967	979.062017420206	-1.340000000000
4280.000000000000	715999.999999999999	-4166.513838455967	979.062017420206	-1.340000000000
4260.000000000000	716999.999999999999	-4147.044147622060	974.486961264037	-1.340000000000
4260.000000000000	717999.999999999999	-4144.102029438789	986.923689857177	-1.337000000000
4260.000000000000	718999.999999999999	-4146.067587301310	978.633517477046	-1.339000000000
4260.000000000000	719999.999999999999	-4145.086880913318	982.779095056617	-1.338000000000
4250.000000000000	720999.999999999999	-4135.356630019155	980.472101875733	-1.338000000000
4240.000000000000	721999.999999999999	-4126.602481257642	974.038993920815	-1.339000000000
4230.000000000000	722999.999999999999	-4116.869928235807	971.741732142700	-1.339000000000
4230.000000000000	723999.999999999999	-4115.896128230829	975.858115513965	-1.338000000000
4230.000000000000	724999.999999999999	-4115.896128230829	975.858115513965	-1.338000000000
4220.000000000000	725999.999999999999	-4106.165877336667	973.551122333081	-1.338000000000
4210.000000000000	726999.999999999999	-4096.435626442504	971.244129152197	-1.338000000000
4210.000000000000	727999.999999999999	-4096.435626442504	971.244129152197	-1.338000000000
4200.000000000000	728999.999999999999	-4085.734395221342	973.023356197216	-1.337000000000
4200.000000000000	729999.999999999999	-4086.705375548341	968.937135971313	-1.338000000000
4190.000000000000	730999.999999999999	-4076.975124654179	966.630142790429	-1.338000000000
4190.000000000000	731999.999999999999	-4076.006456185100	970.706633920556	-1.337000000000
4180.000000000000	732999.999999999999	-4066.278517148859	968.389911643896	-1.337000000000
4180.000000000000	733999.999999999999	-4066.278517148859	968.389911643896	-1.337000000000
4170.000000000000	734999.999999999999	-4056.550578112618	966.073189367236	-1.337000000000
4160.000000000000	735999.999999999999	-4045.856859358762	967.802807176988	-1.336000000000
4160.000000000000	736999.999999999999	-4046.822639076377	963.756467090576	-1.337000000000
4160.000000000000	737999.999999999999	-4045.856859358762	967.802807176988	-1.336000000000
4150.000000000000	738999.999999999999	-4036.131241908380	965.476358121274	-1.336000000000
4150.000000000000	739999.999999999999	-4035.163747645719	969.512005952356	-1.335000000000
4140.000000000000	740999.999999999999	-4024.471273115502	971.200788646761	-1.334000000000
4130.000000000000	741999.999999999999	-4016.680007007616	960.823460009847	-1.336000000000
4130.000000000000	742999.999999999999	-4016.680007007616	960.823460009847	-1.336000000000
4120.000000000000	743999.999999999999	-4006.954389557235	958.497010954133	-1.336000000000
4120.000000000000	744999.999999999999	-4005.993889229002	962.503485427399	-1.335000000000
4110.000000000000	745999.999999999999	-3996.270603090097	960.167311919080	-1.335000000000
4110.000000000000	746999.999999999999	-3996.270603090097	960.167311919080	-1.335000000000
4110.000000000000	747999.999999999999	-3996.270603090097	960.167311919080	-1.335000000000
4100.000000000000	748999.999999999999	-3985.587492698927	961.817206147758	-1.334000000000
4090.000000000000	749999.999999999999	-3975.866547594783	959.471310523008	-1.334000000000
4090.000000000000	750999.999999999999	-3976.824030812286	955.494964902442	-1.335000000000
4090.000000000000	751999.999999999999	-3976.824030812286	955.494964902442	-1.335000000000
4080.000000000000	752999.999999999999	-3967.100744673381	953.158791394123	-1.335000000000
4070.000000000000	753999.999999999999	-3956.424657386496	954.779519273506	-1.334000000000
4070.000000000000	754999.999999999999	-3956.424657386496	954.779519273506	-1.334000000000
4060.000000000000	755999.999999999999	-3946.703712282352	952.433623648756	-1.334000000000
4060.000000000000	756999.999999999999	-3945.749305465750	956.379850486482	-1.333000000000
4050.000000000000	757999.999999999999	-3936.030711117312	954.024235091195	-1.333000000000
4050.000000000000	758999.999999999999	-3935.074719026034	957.959788134229	-1.332000000000
4040.000000000000	759999.999999999999	-3926.312116768875	951.668619695909	-1.333000000000
4040.000000000000	760999.999999999999	-3926.312116768875	951.668619695909	-1.333000000000
4040.000000000000	761999.999999999999	-3925.358485151896	955.594455324022	-1.332000000000
4030.000000000000	762999.999999999999	-3915.642251277757	953.229122513814	-1.332000000000
4020.000000000000	763999.999999999999	-3905.926017403619	950.863789703606	-1.332000000000
4020.000000000000	764999.999999999999	-3905.926017403619	950.863789703606	-1.332000000000
4010.000000000000	765999.999999999999	-3896.209783529481	948.498456893398	-1.332000000000
4010.000000000000	766999.999999999999	-3896.209783529481	948.498456893398	-1.332000000000
4010.000000000000	767999.999999999999	-3896.209783529481	948.498456893398	-1.332000000000
4000.000000000000	768999.999999999999	-3886.493549655342	946.133124083190	-1.332000000000
3990.000000000000	769999.999999999999	-3876.777315781204	943.767791272982	-1.332000000000
3990.000000000000	770999.999999999999	-3875.831609758729	947.644096058777	-1.331000000000
3990.000000000000	771999.999999999999	-3875.831609758729	947.644096058777	-1.331000000000
3980.000000000000	772999.999999999999	-3866.117746075123	945.269048198981	-1.331000000000
3980.000000000000	773999.999999999999	-3866.117746075123	945.269048198981	-1.331000000000
3970.000000000000	774999.999999999999	-3856.403882391518	942.894000339185	-1.331000000000
3970.000000000000	775999.999999999999	-3856.403882391518	942.894000339185	-1.331000000000
3960.000000000000	776999.999999999999	-3845.747576567337	944.365171597544	-1.330000000000
3960.000000000000	777999.999999999999	-3845.747576567337	944.365171597544	-1.330000000000
3950.000000000000	778999.999999999999	-3836.036092788126	941.980411063206	-1.330000000000
3950.000000000000	779999.999999999999	-3836.036092788126	941.980411063206	-1.330000000000
3940.000000000000	780999.999999999999	-3826.324609008916	939.595650528869	-1.330000000000
3940.000000000000	781999.999999999999	-3825.383100352841	943.421504702372	-1.329000000000
3930.000000000000	782999.999999999999	-3815.674006189509	941.027033878254	-1.329000000000
3930.000000000000	783999.999999999999	-3816.613125229705	937.210889994532	-1.330000000000
3920.000000000000	784999.999999999999	-3805.964912026177	938.632563054136	-1.329000000000
3920.000000000000	785999.999999999999	-3805.964912026177	938.632563054136	-1.329000000000
3920.000000000000	786999.999999999999	-3805.024376637264	942.438058015592	-1.328000000000
3910.000000000000	787999.999999999999	-3796.255817862845	936.238092230019	-1.329000000000
3900.000000000000	788999.999999999999	-3785.610986960543	937.629700576737	-1.328000000000
3900.000000000000	789999.999999999999	-3785.610986960543	937.629700576737	-1.328000000000
3900.000000000000	790999.999999999999	-3785.610986960543	937.629700576737	-1.328000000000
3890.000000000000	791999.999999999999	-3776.837629536180	931.449150581783	-1.329000000000
3890.000000000000	792999.999999999999	-3775.904292122183	935.225521857310	-1.328000000000
3880.000000000000	793999.999999999999	-3766.197597283822	932.821343137882	-1.328000000000
3880.000000000000	794999.999999999999	-3767.128535372849	929.054679757665	-1.329000000000
3870.000000000000	795999.999999999999	-3756.490902445462	930.417164418454	-1.328000000000
3870.000000000000	796999.999999999999	-3755.558607190818	934.173189486275	-1.327000000000
3870.000000000000	797999.999999999999	-3754.622556377881	937.928280380983	-1.326000000000
3860.000000000000	798999.999999999999	-3745.854321384124	931.759305275716	-1.327000000000
3860.000000000000	799999.999999999999	-3745.854321384124	931.759305275716	-1.327000000000
3850.000000000000	800999.999999999999	-3736.150035577429	929.345421065158	-1.327000000000
3850.000000000000	801999.999999999999	-3736.150035577429	929.345421065158	-1.327000000000
3840.000000000000	802999.999999999999	-3725.516955165649	930.657518517565	-1.326000000000
3840.000000000000	803999.999999999999	-3725.516955165649	930.657518517565	-1.326000000000
3830.000000000000	804999.999999999999	-3715.815088094905	928.233931229759	-1.326000000000
3830.000000000000	805999.999999999999	-3715.815088094905	928.233931229759	-1.326000000000
3820.000000000000	806999.999999999999	-3706.113221024161	925.810343941953	-1.326000000000
3820.000000000000	807999.999999999999	-3706.113221024161	925.810343941953	-1.326000000000
3820.000000000000	808999.999999999999	-3705.185557778065	929.515993640158	-1.325000000000
3810.000000000000	809999.999999999999	-3695.486119145138	927.082705698692	-1.325000000000
3810.000000000000	810999.999999999999	-3694.557188851048	930.777727660608	-1.324000000000
3800.000000000000	811999.999999999999	-3684.860188355376	928.334741498769	-1.324000000000
3800.000000000000	812999.999999999999	-3685.786680512211	924.649417757225	-1.325000000000
3790.000000000000	813999.999999999999	-3675.163187859704	925.891755336930	-1.324000000000
3790.000000000000	814999.999999999999	-3675.163187859704	925.891755336930	-1.324000000000
3790.000000000000	815999.999999999999	-3675.163187859704	925.891755336930	-1.324000000000
3780.000000000000	816999.999999999999	-3665.466187364032	923.448769175091	-1.324000000000
3770.000000000000	817999.999999999999	-3655.769186868360	921.005783013253	-1.324000000000
3770.000000000000	818999.999999999999	-3654.846353354406	924.661091087973	-1.323000000000
3770.000000000000	819999.999999999999	-3654.846353354406	924.661091087973	-1.323000000000
3770.000000000000	820999.999999999999	-3654.846353354406	924.661091087973	-1.323000000000
3760.000000000000	821999.999999999999	-3645.151800692989	922.208409148748	-1.323000000000
3760.000000000000	822999.999999999999	-3645.151800692989	922.208409148748	-1.323000000000
3750.000000000000	823999.999999999999	-3635.457248031571	919.755727209523	-1.323000000000
3750.000000000000	824999.999999999999	-3635.457248031571	919.755727209523	-1.323000000000
3740.000000000000	825999.999999999999	-3625.762695370153	917.303045270297	-1.323000000000
3740.000000000000	826999.999999999999	-3624.843579596570	920.928348709889	-1.322000000000
3740.000000000000	827999.999999999999	-3624.843579596570	920.928348709889	-1.322000000000
3730.000000000000	828999.999999999999	-3615.151484463959	918.465973445959	-1.322000000000
3730.000000000000	829999.999999999999	-3615.151484463959	918.465973445959	-1.322000000000
3720.000000000000	830999.999999999999	-3604.541583156289	919.608598968689	-1.321000000000
3720.000000000000	831999.999999999999	-3604.541583156289	919.608598968689	-1.321000000000
3720.000000000000	832999.999999999999	-3605.459389331348	916.003598182028	-1.322000000000
3710.000000000000	833999.999999999999	-3595.767294198737	913.541222918098	-1.322000000000
3710.000000000000	834999.999999999999	-3594.851955244578	917.136532842429	-1.321000000000
3700.000000000000	835999.999999999999	-3585.162327332868	914.664466716169	-1.321000000000
3700.000000000000	836999.999999999999	-3585.162327332868	914.664466716169	-1.321000000000
3690.000000000000	837999.999999999999	-3575.472699421157	912.192400589910	-1.321000000000
3690.000000000000	838999.999999999999	-3574.558719436399	915.767416597256	-1.320000000000
3690.000000000000	839999.999999999999	-3574.558719436399	915.767416597256	-1.320000000000
3680.000000000000	840999.999999999999	-3564.871568435216	913.285662080732	-1.320000000000
3680.000000000000	841999.999999999999	-3564.871568435216	913.285662080732	-1.320000000000
3680.000000000000	842999.999999999999	-3564.871568435216	913.285662080732	-1.320000000000
3670.000000000000	843999.999999999999	-3554.271836086210	914.358635987196	-1.319000000000
3670.000000000000	844999.999999999999	-3555.184417434034	910.803907564209	-1.320000000000
3660.000000000000	845999.999999999999	-3544.587171682705	911.867195562163	-1.319000000000
3660.000000000000	846999.999999999999	-3546.403815686026	904.776202211130	-1.321000000000
3650.000000000000	847999.999999999999	-3534.902507279200	909.375755137130	-1.319000000000
3650.000000000000	848999.999999999999	-3534.902507279200	909.375755137130	-1.319000000000
3640.000000000000	849999.999999999998	-3525.217842875696	906.884314712097	-1.319000000000
3640.000000000000	850999.999999999998	-3525.217842875696	906.884314712097	-1.319000000000
3640.000000000000	851999.999999999998	-3524.309196103356	910.409078525316	-1.318000000000
3630.000000000000	852999.999999999998	-3514.627027982193	907.907954683214	-1.318000000000
3630.000000000000	853999.999999999998	-3514.627027982193	907.907954683214	-1.318000000000
3630.000000000000	854999.999999999998	-3514.627027982193	907.907954683214	-1.318000000000
3620.000000000000	855999.999999999998	-3504.944859861030	905.406830841111	-1.318000000000
3620.000000000000	856999.999999999998	-3504.944859861030	905.406830841111	-1.318000000000
3610.000000000000	857999.999999999998	-3494.358038552152	906.400517655389	-1.317000000000
3610.000000000000	858999.999999999998	-3495.262691739867	902.905706999009	-1.318000000000
3610.000000000000	859999.999999999998	-3494.358038552152	906.400517655389	-1.317000000000
3600.000000000000	860999.999999999998	-3484.678376395498	903.889712897341	-1.317000000000
3600.000000000000	861999.999999999998	-3484.678376395498	903.889712897341	-1.317000000000
3590.000000000000	862999.999999999998	-3474.095597981722	904.853455584949	-1.316000000000
3590.000000000000	863999.999999999998	-3474.998714238844	901.378908139293	-1.317000000000
3590.000000000000	864999.999999999998	-3474.095597981722	904.853455584949	-1.316000000000
3580.000000000000	865999.999999999998	-3464.418451469238	902.332972421759	-1.316000000000
3580.000000000000	866999.999999999998	-3464.418451469238	902.332972421759	-1.316000000000
3570.000000000000	867999.999999999998	-3454.741304956754	899.812489258570	-1.316000000000
3570.000000000000	868999.999999999998	-3454.741304956754	899.812489258570	-1.316000000000
3570.000000000000	869999.999999999998	-3453.839765246955	903.266780081530	-1.315000000000
3560.000000000000	870999.999999999998	-3444.165144055788	900.736621033682	-1.315000000000
3560.000000000000	871999.999999999998	-3444.165144055788	900.736621033682	-1.315000000000
3560.000000000000	872999.999999999998	-3444.165144055788	900.736621033682	-1.315000000000
3550.000000000000	873999.999999999998	-3434.490522864619	898.206461985835	-1.315000000000
3550.000000000000	874999.999999999998	-3434.490522864619	898.206461985835	-1.315000000000
3550.000000000000	875999.999999999998	-3434.490522864619	898.206461985835	-1.315000000000
3540.000000000000	876999.999999999998	-3423.918513111985	899.100670430744	-1.314000000000
3540.000000000000	877999.999999999998	-3423.918513111985	899.100670430744	-1.314000000000
3530.000000000000	878999.999999999998	-3414.246426916754	896.560838028397	-1.314000000000
3530.000000000000	879999.999999999998	-3414.246426916754	896.560838028397	-1.314000000000
3530.000000000000	880999.999999999998	-3414.246426916754	896.560838028397	-1.314000000000
3520.000000000000	881999.999999999998	-3404.574340721522	894.021005626050	-1.314000000000
3520.000000000000	882999.999999999998	-3403.678617577871	897.425132388878	-1.313000000000
3520.000000000000	883999.999999999998	-3403.678617577871	897.425132388878	-1.313000000000
3510.000000000000	884999.999999999998	-3394.009076050661	894.875629171864	-1.313000000000
3510.000000000000	885999.999999999998	-3394.009076050661	894.875629171864	-1.313000000000
3500.000000000000	886999.999999999998	-3384.339534523451	892.326125954850	-1.313000000000
3500.000000000000	887999.999999999998	-3383.445516376591	895.710018762291	-1.312000000000
3500.000000000000	888999.999999999998	-3383.445516376591	895.710018762291	-1.312000000000
3490.000000000000	889999.999999999998	-3373.778529186944	893.150847280113	-1.312000000000
3490.000000000000	890999.999999999998	-3373.778529186944	893.150847280113	-1.312000000000
3490.000000000000	891999.999999999998	-3373.778529186944	893.150847280113	-1.312000000000
3480.000000000000	892999.999999999998	-3364.111541997297	890.591675797935	-1.312000000000
3480.000000000000	893999.999999999998	-3363.219268414300	893.955341483446	-1.311000000000
3480.000000000000	894999.999999999998	-3364.111541997297	890.591675797935	-1.312000000000
3470.000000000000	895999.999999999998	-3354.444554807649	888.032504315757	-1.312000000000
3470.000000000000	896999.999999999998	-3353.554845229201	891.386504295275	-1.311000000000
3470.000000000000	897999.999999999998	-3352.661782096187	894.739612888364	-1.310000000000
3460.000000000000	898999.999999999998	-3343.890422044102	888.817667107105	-1.311000000000
3460.000000000000	899999.999999999998	-3343.890422044102	888.817667107105	-1.311000000000
3450.000000000000	900999.999999999998	-3333.338083063932	889.582612237710	-1.310000000000
3450.000000000000	901999.999999999998	-3334.225998859004	886.248829918934	-1.311000000000
3450.000000000000	902999.999999999998	-3333.338083063932	889.582612237710	-1.310000000000
3440.000000000000	903999.999999999998	-3323.676233547805	887.004111912384	-1.310000000000
3440.000000000000	904999.999999999998	-3323.676233547805	887.004111912384	-1.310000000000
3440.000000000000	905999.999999999998	-3322.787567745748	890.327344089967	-1.309000000000
3430.000000000000	906999.999999999998	-3314.014384031678	884.425611587057	-1.310000000000
3430.000000000000	907999.999999999998	-3313.128301560441	887.739183205984	-1.309000000000
3430.000000000000	908999.999999999998	-3313.128301560441	887.739183205984	-1.309000000000
3420.000000000000	909999.999999999998	-3303.469035375133	885.151022322002	-1.309000000000
3420.000000000000	910999.999999999998	-3303.469035375133	885.151022322002	-1.309000000000
3420.000000000000	911999.999999999998	-3303.469035375133	885.151022322002	-1.309000000000
3410.000000000000	912999.999999999998	-3292.925559570735	885.856229376846	-1.308000000000
3410.000000000000	913999.999999999998	-3292.925559570735	885.856229376846	-1.308000000000
3410.000000000000	914999.999999999998	-3292.925559570735	885.856229376846	-1.308000000000
3400.000000000000	915999.999999999998	-3283.268886375512	883.258410522369	-1.308000000000
3400.000000000000	916999.999999999998	-3283.268886375512	883.258410522369	-1.308000000000
3400.000000000000	917999.999999999998	-3283.268886375512	883.258410522369	-1.308000000000
3390.000000000000	918999.999999999998	-3272.729915929429	883.933763005211	-1.307000000000
3390.000000000000	919999.999999999998	-3272.729915929429	883.933763005211	-1.307000000000
3380.000000000000	920999.999999999998	-3263.075845380965	881.326288778057	-1.307000000000
3380.000000000000	921999.999999999998	-3263.075845380965	881.326288778057	-1.307000000000
3380.000000000000	922999.999999999998	-3263.075845380965	881.326288778057	-1.307000000000
3370.000000000000	923999.999999999998	-3253.421774832500	878.718814550903	-1.307000000000
3370.000000000000	924999.999999999998	-3253.421774832500	878.718814550903	-1.307000000000
3370.000000000000	925999.999999999998	-3252.541429453651	881.971796424127	-1.306000000000
3360.000000000000	926999.999999999998	-3242.889971206014	879.354669431771	-1.306000000000
3360.000000000000	927999.999999999998	-3242.889971206014	879.354669431771	-1.306000000000
3360.000000000000	928999.999999999998	-3242.889971206014	879.354669431771	-1.306000000000
3360.000000000000	929999.999999999998	-3242.889971206014	879.354669431771	-1.306000000000
3350.000000000000	930999.999999999998	-3233.238512958377	876.737542439414	-1.306000000000
3350.000000000000	931999.999999999998	-3232.360158942939	879.970342044765	-1.305000000000
3340.000000000000	932999.999999999998	-3222.711322647587	877.343564904333	-1.305000000000
3340.000000000000	933999.999999999998	-3222.711322647587	877.343564904333	-1.305000000000
3340.000000000000	934999.999999999998	-3222.711322647587	877.343564904333	-1.305000000000
3330.000000000000	935999.999999999998	-3212.186163179148	877.929412356385	-1.304000000000
3330.000000000000	936999.999999999998	-3212.186163179148	877.929412356385	-1.304000000000
3330.000000000000	937999.999999999998	-3212.186163179148	877.929412356385	-1.304000000000
3320.000000000000	938999.999999999998	-3202.539958484916	875.292987694654	-1.304000000000
3320.000000000000	939999.999999999998	-3202.539958484916	875.292987694654	-1.304000000000
3320.000000000000	940999.999999999998	-3202.539958484916	875.292987694654	-1.304000000000
3320.000000000000	941999.999999999998	-3201.663064373257	878.495089472926	-1.303000000000
3310.000000000000	942999.999999999998	-3192.019500926350	875.849019926320	-1.303000000000
3310.000000000000	943999.999999999998	-3192.019500926350	875.849019926320	-1.303000000000
3300.000000000000	944999.999999999998	-3182.375937479443	873.202950379715	-1.303000000000
3300.000000000000	945999.999999999998	-3182.375937479443	873.202950379715	-1.303000000000
3300.000000000000	946999.999999999998	-3182.375937479443	873.202950379715	-1.303000000000
3300.000000000000	947999.999999999998	-3182.375937479443	873.202950379715	-1.303000000000
3290.000000000000	948999.999999999998	-3171.860230930740	873.729177399949	-1.302000000000
3290.000000000000	949999.999999999998	-3171.860230930740	873.729177399949	-1.302000000000
3290.000000000000	950999.999999999998	-3171.860230930740	873.729177399949	-1.302000000000
3280.000000000000	951999.999999999998	-3162.219318374719	871.073465614539	-1.302000000000
3280.000000000000	952999.999999999998	-3162.219318374719	871.073465614539	-1.302000000000
3280.000000000000	953999.999999999998	-3162.219318374719	871.073465614539	-1.302000000000
3270.000000000000	954999.999999999998	-3151.708411920535	871.569897500678	-1.301000000000
3270.000000000000	955999.999999999998	-3151.708411920535	871.569897500678	-1.301000000000
3270.000000000000	956999.999999999998	-3151.708411920535	871.569897500678	-1.301000000000
3260.000000000000	957999.999999999998	-3142.070159896313	868.904546132174	-1.301000000000
3260.000000000000	958999.999999999998	-3141.199684460049	872.046181316155	-1.300000000000
3260.000000000000	959999.999999999998	-3141.199684460049	872.046181316155	-1.300000000000
3260.000000000000	960999.999999999998	-3142.070159896313	868.904546132174	-1.301000000000
3250.000000000000	961999.999999999998	-3131.564102605877	869.371193029909	-1.300000000000
3250.000000000000	962999.999999999998	-3131.564102605877	869.371193029909	-1.300000000000
3250.000000000000	963999.999999999998	-3131.564102605877	869.371193029909	-1.300000000000
3240.000000000000	964999.999999999998	-3121.928520751705	866.696204743663	-1.300000000000
3240.000000000000	965999.999999999998	-3121.928520751705	866.696204743663	-1.300000000000
3240.000000000000	966999.999999999998	-3121.060263727280	869.817699396027	-1.299000000000
3230.000000000000	967999.999999999998	-3112.292938897533	864.021216457417	-1.300000000000
3230.000000000000	968999.999999999998	-3111.427361678740	867.133076867027	-1.299000000000
3230.000000000000	969999.999999999998	-3111.427361678740	867.133076867027	-1.299000000000
3220.000000000000	970999.999999999998	-3101.794459630199	864.448454338027	-1.299000000000
3220.000000000000	971999.999999999998	-3100.928460422835	867.549816056500	-1.298000000000
3220.000000000000	972999.999999999998	-3100.928460422835	867.549816056500	-1.298000000000
3220.000000000000	973999.999999999998	-3100.928460422835	867.549816056500	-1.298000000000
3210.000000000000	974999.999999999998	-3091.298247812826	864.855561969368	-1.298000000000
3210.000000000000	975999.999999999998	-3091.298247812826	864.855561969368	-1.298000000000
3210.000000000000	976999.999999999998	-3090.431846746004	867.946427274220	-1.297000000000
3200.000000000000	977999.999999999998	-3081.668035202817	862.161307882236	-1.298000000000
3200.000000000000	978999.999999999998	-3080.804333204740	865.242544323210	-1.297000000000
3200.000000000000	979999.999999999998	-3080.804333204740	865.242544323210	-1.297000000000
3200.000000000000	980999.999999999998	-3080.804333204740	865.242544323210	-1.297000000000
3190.000000000000	981999.999999999998	-3071.176819663474	862.538661372200	-1.297000000000
3190.000000000000	982999.999999999998	-3070.312745557577	865.609406410706	-1.296000000000
3180.000000000000	983999.999999999998	-3061.549306122210	859.834778421190	-1.297000000000
3180.000000000000	984999.999999999998	-3060.687940712569	862.895897299700	-1.296000000000
3180.000000000000	985999.999999999998	-3060.687940712569	862.895897299700	-1.296000000000
3180.000000000000	986999.999999999998	-3060.687940712569	862.895897299700	-1.296000000000
3170.000000000000	987999.999999999998	-3051.063135867561	860.182388188695	-1.296000000000
3170.000000000000	988999.999999999998	-3051.063135867561	860.182388188695	-1.296000000000
3170.000000000000	989999.999999999998	-3051.063135867561	860.182388188695	-1.296000000000
3160.000000000000	990999.999999999998	-3040.579341567347	860.509888167402	-1.295000000000
3160.000000000000	991999.999999999998	-3040.579341567347	860.509888167402	-1.295000000000
3160.000000000000	992999.999999999998	-3040.579341567347	860.509888167402	-1.295000000000
3160.000000000000	993999.999999999998	-3040.579341567347	860.509888167402	-1.295000000000
3150.000000000000	994999.999999999998	-3030.957255043400	857.786755609911	-1.295000000000
3150.000000000000	995999.999999999998	-3030.097952952254	860.817283466452	-1.294000000000
3150.000000000000	996999.999999999998	-3030.097952952254	860.817283466452	-1.294000000000
3140.000000000000	997999.999999999998	-3020.478594371453	858.084530185606	-1.294000000000
3140.000000000000	998999.999999999998	-3020.478594371453	858.084530185606	-1.294000000000
3140.000000000000	1000000.000000000000	-3020.478594371453	858.084530185606	-1.294000000000
