1060000.000000000000	1000.000000000000	-1053500.465216343520	117203.966609273760	-1.460000000000
639999.999999999999	2000.000000000000	-611264.547574202995	189619.758672203985	-1.270000000000
439999.999999999999	3000.000000000000	-421526.978527258964	126154.692238060423	-1.280000000000
359999.999999999999	4000.000000000000	-343836.308010489214	106661.114253114749	-1.270000000000
309999.999999999999	5000.000000000000	-295148.005893059889	94803.241597269691	-1.260000000000
270000.000000000000	6000.000000000000	-257064.392229439254	82570.565262138116	-1.260000000000
230000.000000000000	7000.000000000000	-218980.778565818618	70337.888927006555	-1.260000000000
210000.000000000000	8000.000000000000	-199286.770064673095	66217.696103006427	-1.250000000000
200000.000000000000	9000.000000000000	-189796.923871117236	63064.472479053736	-1.250000000000
180000.000000000000	10000.000000000000	-170817.231484005518	56758.025231148364	-1.250000000000
170000.000000000000	11000.000000000000	-161855.358070387679	51988.874424309186	-1.260000000000
160000.000000000000	12000.000000000000	-152816.136893550749	47404.939668050996	-1.270000000000
150000.000000000000	13000.000000000000	-142813.551238577376	45872.536256743398	-1.260000000000
140000.000000000000	14000.000000000000	-133292.647822672210	42814.367172960505	-1.260000000000
130000.000000000000	15000.000000000000	-123771.744406767044	39756.198089177611	-1.260000000000
120000.000000000000	16000.000000000000	-114612.102670163076	35553.704751038247	-1.270000000000
120000.000000000000	17000.000000000000	-114961.903234706988	34405.825155834660	-1.280000000000
110000.000000000000	18000.000000000000	-105061.094114316147	32590.896021785062	-1.270000000000
110000.000000000000	19000.000000000000	-104729.937574956726	33639.859921611831	-1.260000000000
103700.000000000000	20000.000000000000	-99405.510714403950	29533.615417156776	-1.282000000000
97600.000000000000	21000.000000000000	-93474.317813262081	28076.892800758305	-1.279000000000
96400.000000000000	22000.000000000000	-92156.992455847328	28285.132870341928	-1.273000000000
92100.000000000000	23000.000000000000	-88046.255240493148	27023.451632349497	-1.273000000000
89400.000000000000	24000.000000000000	-85898.654740022903	24774.606230056248	-1.290000000000
85400.000000000000	25000.000000000000	-82264.983494540051	22926.676397660722	-1.299000000000
84300.000000000000	26000.000000000000	-80808.915653078628	24008.522465441812	-1.282000000000
82000.000000000000	27000.000000000000	-78945.611038371440	22171.840198282258	-1.297000000000
79000.000000000000	28000.000000000000	-75971.306044542580	21664.733044430734	-1.293000000000
76300.000000000000	29000.000000000000	-73290.534423825928	21217.623897835154	-1.289000000000
75000.000000000000	30000.000000000000	-72206.351559486080	20279.122132575238	-1.297000000000
72900.000000000000	31000.000000000000	-70282.252533389343	19360.138915640215	-1.302000000000
71400.000000000000	32000.000000000000	-68740.446684630748	19305.724270211624	-1.297000000000
69800.000000000000	33000.000000000000	-67256.361342120072	18671.418237996197	-1.300000000000
67600.000000000000	34000.000000000000	-65261.516907619298	17626.525775561138	-1.307000000000
66600.000000000000	35000.000000000000	-64483.239686946021	16657.484788402766	-1.318000000000
64900.000000000000	36000.000000000000	-62853.471978745234	16169.448358465681	-1.319000000000
62900.000000000000	37000.000000000000	-60773.033456440971	16218.767046304920	-1.310000000000
61800.000000000000	38000.000000000000	-59741.980832020956	15815.679759859875	-1.312000000000
60900.000000000000	39000.000000000000	-58994.749597202353	15113.885005629509	-1.320000000000
59900.000000000000	40000.000000000000	-58040.871191145612	14807.676096296906	-1.321000000000
58300.000000000000	41000.000000000000	-56631.825275422037	13846.529022613215	-1.331000000000
57600.000000000000	42000.000000000000	-55910.562268955713	13848.069423902578	-1.328000000000
55900.000000000000	43000.000000000000	-54219.861958061207	13602.079592797079	-1.325000000000
54700.000000000000	44000.000000000000	-53042.592711326062	13363.134305258598	-1.324000000000
53700.000000000000	45000.000000000000	-52112.014781950114	12962.558210701029	-1.327000000000
53000.000000000000	46000.000000000000	-51445.482643309944	12742.147212965914	-1.328000000000
51900.000000000000	47000.000000000000	-50414.952517914302	12326.498392343496	-1.331000000000
51300.000000000000	48000.000000000000	-49856.389007485959	12084.306977821809	-1.333000000000
50100.000000000000	49000.000000000000	-48725.343426412008	11655.509769126709	-1.336000000000
49300.000000000000	50000.000000000000	-47992.787905579244	11277.513424957047	-1.340000000000
48700.000000000000	51000.000000000000	-47386.321854572438	11235.056790905459	-1.338000000000
47500.000000000000	52000.000000000000	-46196.682889312782	11050.633014641093	-1.336000000000
46900.000000000000	53000.000000000000	-45688.405023532432	10591.489338410160	-1.343000000000
46100.000000000000	54000.000000000000	-44960.564431057013	10186.149716196562	-1.348000000000
45400.000000000000	55000.000000000000	-44206.561470613851	10341.176090988822	-1.341000000000
44800.000000000000	56000.000000000000	-43642.655544866800	10117.243547138063	-1.343000000000
44100.000000000000	57000.000000000000	-43039.036758748523	9615.160678797498	-1.351000000000
43200.000000000000	58000.000000000000	-42103.416921289805	9671.725986195383	-1.345000000000
43200.000000000000	59000.000000000000	-42103.416921289805	9671.725986195383	-1.345000000000
42000.000000000000	60000.000000000000	-41025.859987682947	8993.264828249834	-1.355000000000
41600.000000000000	61000.000000000000	-40580.960713880238	9151.263712652393	-1.349000000000
41100.000000000000	62000.000000000000	-40155.514893696520	8760.400882500584	-1.356000000000
40400.000000000000	63000.000000000000	-39310.213612417378	9320.252450771675	-1.338000000000
40500.000000000000	64000.000000000000	-39192.443375559815	10207.956810916550	-1.316000000000
38700.000000000000	65000.000000000000	-37743.467320648728	8551.062776937244	-1.348000000000
37400.000000000000	66000.000000000000	-36692.658073033490	7239.395246527856	-1.376000000000
37000.000000000000	67000.000000000000	-35976.158713949779	8643.841980780042	-1.335000000000
37700.000000000000	68000.000000000000	-36734.569450795694	8477.110785206689	-1.344000000000
37400.000000000000	69000.000000000000	-36587.714028607588	7752.366229792766	-1.362000000000
36900.000000000000	70000.000000000000	-36113.798709346716	7576.512573789302	-1.364000000000
36400.000000000000	71000.000000000000	-35586.637445342159	7651.877895900530	-1.359000000000
35800.000000000000	72000.000000000000	-35122.918690229919	6929.688498013295	-1.376000000000
35300.000000000000	73000.000000000000	-34443.034531281068	7730.936054384365	-1.350000000000
36000.000000000000	74000.000000000000	-35232.974350582161	7391.719584184685	-1.364000000000
34100.000000000000	75000.000000000000	-33316.376104015850	7268.361802755960	-1.356000000000
34300.000000000000	76000.000000000000	-33547.915978198740	7143.341901359458	-1.361000000000
34300.000000000000	77000.000000000000	-33562.135556667410	7076.231827454566	-1.363000000000
33800.000000000000	78000.000000000000	-33044.734770674862	7105.315189050492	-1.359000000000
32900.000000000000	79000.000000000000	-32264.964821846312	6432.887768725644	-1.374000000000
32900.000000000000	80000.000000000000	-32129.862865616476	7076.857511401467	-1.354000000000
32600.000000000000	81000.000000000000	-31912.093320828531	6661.703977416812	-1.365000000000
32300.000000000000	82000.000000000000	-31657.456782575886	6410.571742000878	-1.371000000000
31600.000000000000	83000.000000000000	-30977.638023990938	6240.668430111529	-1.372000000000
31300.000000000000	84000.000000000000	-30658.575435341681	6304.105985424390	-1.368000000000
31400.000000000000	85000.000000000000	-30769.113127916487	6262.721239323788	-1.370000000000
30600.000000000000	86000.000000000000	-29972.920393656721	6163.119589584228	-1.368000000000
30500.000000000000	87000.000000000000	-29934.904700314473	5843.926811921110	-1.378000000000
30200.000000000000	88000.000000000000	-29628.830850417416	5845.714878212333	-1.376000000000
29700.000000000000	89000.000000000000	-29126.731161362783	5807.196557177861	-1.374000000000
29400.000000000000	90000.000000000000	-28832.521755692451	5748.538006095256	-1.374000000000
29400.000000000000	91000.000000000000	-28860.903920190765	5604.304141418208	-1.379000000000
29100.000000000000	92000.000000000000	-28560.843500955776	5575.680991046042	-1.378000000000
28800.000000000000	93000.000000000000	-28277.381674723958	5461.655941377632	-1.380000000000
28600.000000000000	94000.000000000000	-28047.963340571569	5592.115203208310	-1.374000000000
28200.000000000000	95000.000000000000	-27688.269556500541	5347.871442598932	-1.380000000000
27900.000000000000	96000.000000000000	-27404.240661311887	5236.181220784889	-1.382000000000
27700.000000000000	97000.000000000000	-27165.335123560573	5416.139549960496	-1.374000000000
27500.000000000000	98000.000000000000	-26919.710623398299	5619.535563771850	-1.365000000000
27200.000000000000	99000.000000000000	-26509.558802293584	6089.605250567463	-1.345000000000
27000.000000000000	100000.000000000000	-26338.604309489579	5939.522121192659	-1.349000000000
26700.000000000000	101000.000000000000	-26069.238830220791	5769.296908021685	-1.353000000000
26500.000000000000	102000.000000000000	-25885.364039847573	5674.321855919538	-1.355000000000
26200.000000000000	103000.000000000000	-25647.142484837652	5353.884791666272	-1.365000000000
25900.000000000000	104000.000000000000	-25415.156931211764	4987.965332866554	-1.377000000000
25600.000000000000	105000.000000000000	-25140.292614280359	4829.667407633830	-1.381000000000
25500.000000000000	106000.000000000000	-25061.131164578284	4710.594946692293	-1.385000000000
25100.000000000000	107000.000000000000	-24686.364801331470	4537.994369276220	-1.389000000000
25000.000000000000	108000.000000000000	-24578.923750926722	4569.081663324724	-1.387000000000
24800.000000000000	109000.000000000000	-24386.812698028742	4508.144455456609	-1.388000000000
24600.000000000000	110000.000000000000	-24176.620652887286	4544.338654456094	-1.385000000000
24400.000000000000	111000.000000000000	-23975.543379309511	4531.370616805448	-1.384000000000
24300.000000000000	112000.000000000000	-23868.209608239384	4560.544934232000	-1.382000000000
24100.000000000000	113000.000000000000	-23653.482074674714	4617.660202206516	-1.378000000000
23900.000000000000	114000.000000000000	-23415.024109989154	4790.265747182153	-1.369000000000
23800.000000000000	115000.000000000000	-23247.987326353668	5096.183402674906	-1.355000000000
24100.000000000000	116000.000000000000	-23253.695471798455	6330.532908441446	-1.305000000000
23700.000000000000	117000.000000000000	-23055.215515891858	5490.631795684292	-1.337000000000
23000.000000000000	118000.000000000000	-22649.525531777777	3999.874146188413	-1.396000000000
22900.000000000000	119000.000000000000	-22518.468176808798	4162.762420562755	-1.388000000000
22700.000000000000	120000.000000000000	-22338.127339957886	4037.086442451532	-1.392000000000
22600.000000000000	121000.000000000000	-22243.729674036273	3997.060193241797	-1.393000000000
22400.000000000000	122000.000000000000	-22034.898251772596	4027.810699875190	-1.390000000000
22000.000000000000	123000.000000000000	-21676.143943279407	3760.955164613315	-1.399000000000
22100.000000000000	124000.000000000000	-21731.796799453034	4017.338405870607	-1.388000000000
22000.000000000000	125000.000000000000	-21641.417925848084	3955.885508805991	-1.390000000000
21100.000000000000	126000.000000000000	-20860.552196171287	3169.757415136571	-1.420000000000
21600.000000000000	127000.000000000000	-21282.032235219780	3692.574161620345	-1.399000000000
21600.000000000000	128000.000000000000	-21278.329020658355	3713.854344021636	-1.398000000000
21500.000000000000	129000.000000000000	-21145.690965283928	3887.126650973655	-1.389000000000
21100.000000000000	130000.000000000000	-20774.797932070363	3690.226399781583	-1.395000000000
21000.000000000000	131000.000000000000	-20668.952351980610	3714.082480445918	-1.393000000000
20900.000000000000	132000.000000000000	-20492.491801695294	4107.040267327703	-1.373000000000
21200.000000000000	133000.000000000000	-20520.883772106819	5322.906087062120	-1.317000000000
21500.000000000000	134000.000000000000	-20767.422298410926	5564.545900562292	-1.309000000000
21400.000000000000	135000.000000000000	-20676.357964512506	5517.990696199130	-1.310000000000
21200.000000000000	136000.000000000000	-20477.644312851706	5486.901074042818	-1.309000000000
21000.000000000000	137000.000000000000	-20300.673098259547	5374.260112573744	-1.312000000000
20400.000000000000	138000.000000000000	-19816.281914555908	4845.097633984727	-1.331000000000
20000.000000000000	139000.000000000000	-19652.084737138943	3714.238210496268	-1.384000000000
19800.000000000000	140000.000000000000	-19473.706098261478	3579.772450664110	-1.389000000000
19600.000000000000	141000.000000000000	-19284.050663808841	3505.052067466876	-1.391000000000
19500.000000000000	142000.000000000000	-19185.662650217979	3487.169148755311	-1.391000000000
19400.000000000000	143000.000000000000	-19080.297894256197	3507.453815297158	-1.389000000000
19300.000000000000	144000.000000000000	-18981.945843254874	3489.374156455420	-1.389000000000
19200.000000000000	145000.000000000000	-18897.327864667986	3395.732553550553	-1.393000000000
19000.000000000000	146000.000000000000	-18703.831708950845	3341.658181688376	-1.394000000000
18900.000000000000	147000.000000000000	-18612.001415243478	3286.853102737435	-1.396000000000
18800.000000000000	148000.000000000000	-18520.027110573013	3232.428780907720	-1.398000000000
18700.000000000000	149000.000000000000	-18427.909950784204	3178.385572234507	-1.400000000000
18500.000000000000	150000.000000000000	-18233.955280996859	3126.159754492200	-1.401000000000
18400.000000000000	151000.000000000000	-18129.138570742776	3145.526137676590	-1.399000000000
18300.000000000000	152000.000000000000	-18027.473198057774	3146.459930351663	-1.398000000000
18200.000000000000	153000.000000000000	-17913.092038383194	3218.871483053128	-1.393000000000
18100.000000000000	154000.000000000000	-17811.458363578757	3218.998440897476	-1.392000000000
18000.000000000000	155000.000000000000	-17728.837106474737	3112.609010474072	-1.397000000000
17900.000000000000	156000.000000000000	-17642.583758369932	3024.770789481642	-1.401000000000
17700.000000000000	157000.000000000000	-17448.442168734378	2973.527515314431	-1.402000000000
17700.000000000000	158000.000000000000	-17445.459917494292	2990.974467811456	-1.401000000000
17600.000000000000	159000.000000000000	-17352.811451920559	2939.376585960812	-1.403000000000
17500.000000000000	160000.000000000000	-17254.215932307376	2922.675582631488	-1.403000000000
17400.000000000000	161000.000000000000	-17155.620412694188	2905.974579302166	-1.403000000000
17300.000000000000	162000.000000000000	-17059.905637663698	2872.215109285934	-1.404000000000
17200.000000000000	163000.000000000000	-16961.293466347721	2855.612709810292	-1.404000000000
17100.000000000000	164000.000000000000	-16859.833853854634	2855.871569314198	-1.403000000000
17000.000000000000	165000.000000000000	-16761.238334241450	2839.170565984874	-1.403000000000
16900.000000000000	166000.000000000000	-16662.642814628267	2822.469562655552	-1.403000000000
16800.000000000000	167000.000000000000	-16564.047295015080	2805.768559326229	-1.403000000000
16700.000000000000	168000.000000000000	-16459.840713116082	2821.992859460526	-1.401000000000
16600.000000000000	169000.000000000000	-16355.635884474461	2837.811624208228	-1.399000000000
16500.000000000000	170000.000000000000	-16251.434014268510	2853.224926267899	-1.397000000000
16500.000000000000	171000.000000000000	-16242.801220930998	2901.966315676747	-1.394000000000
16400.000000000000	172000.000000000000	-16135.634228901275	2932.798668696774	-1.391000000000
16300.000000000000	173000.000000000000	-16031.384313215258	2946.984391203282	-1.389000000000
16300.000000000000	174000.000000000000	-15997.998249676259	3123.147771616855	-1.378000000000
16600.000000000000	175000.000000000000	-16197.007739922541	3635.511005744489	-1.350000000000
17400.000000000000	176000.000000000000	-16838.234931721996	4385.640703949332	-1.316000000000
17300.000000000000	177000.000000000000	-16750.150849612106	4326.944246837355	-1.318000000000
17300.000000000000	178000.000000000000	-16728.306842073060	4410.640565433972	-1.313000000000
17300.000000000000	179000.000000000000	-16750.150849612106	4326.944246837355	-1.318000000000
17100.000000000000	180000.000000000000	-16552.222287878616	4293.476136262370	-1.317000000000
17000.000000000000	181000.000000000000	-16463.929485957920	4235.448722556495	-1.319000000000
16900.000000000000	182000.000000000000	-16367.082841922873	4210.534318306163	-1.319000000000
16700.000000000000	183000.000000000000	-16193.990827772310	4079.786890270906	-1.324000000000
15600.000000000000	184000.000000000000	-15292.758011843627	3080.836313599363	-1.372000000000
15300.000000000000	185000.000000000000	-15028.131975558132	2871.454217849778	-1.382000000000
15300.000000000000	186000.000000000000	-15045.090091929022	2781.234280987343	-1.388000000000
15200.000000000000	187000.000000000000	-14952.252385131404	2733.157260629594	-1.390000000000
15100.000000000000	188000.000000000000	-14840.120807260082	2789.411125296221	-1.385000000000
15000.000000000000	189000.000000000000	-14739.063552854208	2785.678657872201	-1.384000000000
15000.000000000000	190000.000000000000	-14736.270505129454	2800.416326129331	-1.383000000000
15000.000000000000	191000.000000000000	-14722.084278843184	2874.062366518579	-1.378000000000
15000.000000000000	192000.000000000000	-14671.100282011110	3123.910452489559	-1.361000000000
15200.000000000000	193000.000000000000	-14827.658722379318	3343.730971930682	-1.349000000000
15700.000000000000	194000.000000000000	-15243.277836431371	3759.319193864781	-1.329000000000
15800.000000000000	195000.000000000000	-15336.577844609379	3798.602376695499	-1.328000000000
15500.000000000000	196000.000000000000	-15052.799857776192	3696.378828222709	-1.330000000000
14600.000000000000	197000.000000000000	-14303.738577650278	2926.271125893700	-1.369000000000
14400.000000000000	198000.000000000000	-14146.819684924278	2688.399673084158	-1.383000000000
14300.000000000000	199000.000000000000	-14059.144385530086	2613.514711421742	-1.387000000000
14300.000000000000	200000.000000000000	-14074.572315872510	2529.113308113172	-1.393000000000
14200.000000000000	201000.000000000000	-13981.143632009440	2483.469899379075	-1.395000000000
14100.000000000000	202000.000000000000	-13872.709916311462	2521.491538330763	-1.391000000000
14100.000000000000	203000.000000000000	-13846.801791459104	2660.090251860821	-1.381000000000
15000.000000000000	204000.000000000000	-14577.891522656713	3533.423092930353	-1.333000000000
14000.000000000000	205000.000000000000	-13729.772264615452	2737.399050521551	-1.374000000000
13900.000000000000	206000.000000000000	-13678.412776449984	2472.048526435079	-1.392000000000
13800.000000000000	207000.000000000000	-13584.888293869562	2427.099100384189	-1.394000000000
13700.000000000000	208000.000000000000	-13491.239121102415	2382.533730555707	-1.396000000000
13700.000000000000	209000.000000000000	-13488.849842149952	2396.023776161502	-1.395000000000
13600.000000000000	210000.000000000000	-13378.331081433362	2445.456496352794	-1.390000000000
13600.000000000000	211000.000000000000	-13363.417621254483	2525.681983137462	-1.384000000000
13700.000000000000	212000.000000000000	-13422.001268069096	2745.884549639979	-1.369000000000
14500.000000000000	213000.000000000000	-14122.131450543724	3288.678046504979	-1.342000000000
13600.000000000000	214000.000000000000	-13337.493057055011	2659.187649078078	-1.374000000000
13300.000000000000	215000.000000000000	-13108.735418230175	2247.455391067365	-1.401000000000
13200.000000000000	216000.000000000000	-13025.468522941632	2139.432111065164	-1.408000000000
13100.000000000000	217000.000000000000	-12931.011323281440	2097.366481368289	-1.410000000000
13100.000000000000	218000.000000000000	-12931.011323281440	2097.366481368289	-1.410000000000
13000.000000000000	219000.000000000000	-12836.438357911267	2055.687301985465	-1.412000000000
13000.000000000000	220000.000000000000	-12836.438357911267	2055.687301985465	-1.412000000000
12900.000000000000	221000.000000000000	-12739.730029523902	2027.135608400906	-1.413000000000
12800.000000000000	222000.000000000000	-12640.972432395811	2011.421378878418	-1.413000000000
12800.000000000000	223000.000000000000	-12638.954690866478	2024.061343493381	-1.412000000000
12700.000000000000	224000.000000000000	-12540.212857344084	2008.248364247339	-1.412000000000
12700.000000000000	225000.000000000000	-12540.212857344084	2008.248364247339	-1.412000000000
12600.000000000000	226000.000000000000	-12441.471023821690	1992.435385001297	-1.412000000000
12600.000000000000	227000.000000000000	-12441.471023821690	1992.435385001297	-1.412000000000
12500.000000000000	228000.000000000000	-12342.729190299295	1976.622405755255	-1.412000000000
12500.000000000000	229000.000000000000	-12342.729190299295	1976.622405755255	-1.412000000000
12400.000000000000	230000.000000000000	-12249.814678331009	1924.068695900997	-1.415000000000
12400.000000000000	231000.000000000000	-12243.987356776901	1960.809426509213	-1.412000000000
12300.000000000000	232000.000000000000	-12147.184446755349	1932.850231265980	-1.413000000000
12300.000000000000	233000.000000000000	-12143.294454509154	1957.140718264074	-1.411000000000
12200.000000000000	234000.000000000000	-12048.426849627256	1917.136001743492	-1.413000000000
12200.000000000000	235000.000000000000	-12042.621232368974	1953.272600968941	-1.410000000000
12100.000000000000	236000.000000000000	-11945.842512159412	1925.317291950837	-1.411000000000
12100.000000000000	237000.000000000000	-11943.911222267590	1937.262169813458	-1.410000000000
12000.000000000000	238000.000000000000	-11837.421464221559	1968.617047164512	-1.406000000000
12000.000000000000	239000.000000000000	-11835.446928792258	1980.453482347388	-1.405000000000
11900.000000000000	240000.000000000000	-11740.722627545128	1940.472154670045	-1.407000000000
11900.000000000000	241000.000000000000	-11734.848386601041	1975.685537601307	-1.404000000000
11900.000000000000	242000.000000000000	-11722.783117862706	2046.058643234142	-1.398000000000
11900.000000000000	243000.000000000000	-11706.039696254191	2139.774434308695	-1.390000000000
11900.000000000000	244000.000000000000	-11692.990418597672	2209.971735245280	-1.384000000000
11800.000000000000	245000.000000000000	-11588.103626894852	2226.174820706219	-1.381000000000
11800.000000000000	246000.000000000000	-11599.089603626237	2168.206716862984	-1.386000000000
11700.000000000000	247000.000000000000	-11511.397590130788	2092.301489253186	-1.391000000000
11700.000000000000	248000.000000000000	-11515.559167532054	2069.274524819868	-1.393000000000
11700.000000000000	249000.000000000000	-11509.299533291936	2103.811838774095	-1.390000000000
11600.000000000000	250000.000000000000	-11393.877837678059	2177.050256670420	-1.382000000000
11600.000000000000	251000.000000000000	-11380.610525325896	2245.373926730565	-1.376000000000
11800.000000000000	252000.000000000000	-11531.343346503298	2503.621501955546	-1.357000000000
11900.000000000000	253000.000000000000	-11618.874235192037	2571.334576983448	-1.353000000000
11700.000000000000	254000.000000000000	-11453.113247045823	2390.856948950205	-1.365000000000
11600.000000000000	255000.000000000000	-11352.847290743141	2381.776310459510	-1.364000000000
12100.000000000000	256000.000000000000	-11819.354901213419	2590.916771948167	-1.355000000000
12400.000000000000	257000.000000000000	-12090.768155188745	2751.967553855554	-1.347000000000
12400.000000000000	258000.000000000000	-12082.457856495135	2788.227420067983	-1.344000000000
12300.000000000000	259000.000000000000	-12001.397301267907	2693.782251244410	-1.350000000000
12200.000000000000	260000.000000000000	-11895.755765588927	2707.580980406271	-1.347000000000
12300.000000000000	261000.000000000000	-11998.697518767474	2705.782299654434	-1.349000000000
12200.000000000000	262000.000000000000	-11898.457398240684	2695.683872832929	-1.348000000000
12200.000000000000	263000.000000000000	-11893.042237182399	2719.475380398856	-1.346000000000
12200.000000000000	264000.000000000000	-11903.824965485241	2671.881582535106	-1.350000000000
12100.000000000000	265000.000000000000	-11800.929058910842	2673.588103383479	-1.348000000000
12100.000000000000	266000.000000000000	-11806.252629702574	2649.980913825802	-1.350000000000
12000.000000000000	267000.000000000000	-11711.302519387353	2616.370252734013	-1.351000000000
12000.000000000000	268000.000000000000	-11703.400719581001	2651.492333934029	-1.348000000000
11900.000000000000	269000.000000000000	-11605.872380251159	2629.396564484579	-1.348000000000
11900.000000000000	270000.000000000000	-11613.708331725791	2594.567167294563	-1.351000000000
11800.000000000000	271000.000000000000	-11516.114144064230	2572.764081855113	-1.351000000000
11800.000000000000	272000.000000000000	-11516.114144064230	2572.764081855113	-1.351000000000
11800.000000000000	273000.000000000000	-11513.535622354577	2584.278907697890	-1.350000000000
11700.000000000000	274000.000000000000	-11415.963286571910	2562.378238988586	-1.350000000000
11700.000000000000	275000.000000000000	-11418.519956402668	2550.960996415663	-1.351000000000
11700.000000000000	276000.000000000000	-11415.963286571910	2562.378238988586	-1.350000000000
11600.000000000000	277000.000000000000	-11320.925768741108	2529.157910976212	-1.351000000000
11600.000000000000	278000.000000000000	-11323.449265768146	2517.835722515440	-1.352000000000
11600.000000000000	279000.000000000000	-11325.961439346860	2506.511016219159	-1.353000000000
11500.000000000000	280000.000000000000	-11223.331581079547	2507.354825536762	-1.351000000000
11500.000000000000	281000.000000000000	-11228.323840731800	2484.903162631063	-1.353000000000
11500.000000000000	282000.000000000000	-11254.977917547079	2361.243756058996	-1.364000000000
11500.000000000000	283000.000000000000	-11233.271187103663	2462.441560116026	-1.355000000000
11400.000000000000	284000.000000000000	-11133.143971672580	2452.163393008411	-1.354000000000
11400.000000000000	285000.000000000000	-11133.143971672580	2452.163393008411	-1.354000000000
11300.000000000000	286000.000000000000	-11030.601439929314	2452.719281415903	-1.352000000000
10380.000000000000	287000.000000000000	-10160.967137122703	2121.119241889156	-1.365000000000
10160.000000000000	288000.000000000000	-9981.367222141018	1896.815324898267	-1.383000000000
10100.000000000000	289000.000000000000	-9929.885195374396	1845.908991983189	-1.387000000000
10030.000000000000	290000.000000000000	-9873.654317935632	1764.043766438653	-1.394000000000
10000.000000000000	291000.000000000000	-9847.619796425120	1739.075715734093	-1.396000000000
9960.000000000000	292000.000000000000	-9809.956532249356	1722.310319128987	-1.397000000000
9940.000000000000	293000.000000000000	-9788.534077646571	1728.641261439688	-1.396000000000
9920.000000000000	294000.000000000000	-9763.619396745125	1754.461819334452	-1.393000000000
9910.000000000000	295000.000000000000	-9744.891686994550	1801.439981998992	-1.388000000000
9980.000000000000	296000.000000000000	-9787.366228633015	1951.374466014648	-1.374000000000
10480.000000000000	297000.000000000000	-10245.823088658952	2203.068141457076	-1.359000000000
10870.000000000000	298000.000000000000	-10620.205520546986	2316.923542403439	-1.356000000000
10850.000000000000	298999.999999999999	-10602.972483861084	2302.058753916752	-1.357000000000
10800.000000000000	299999.999999999999	-10554.110859511493	2291.450188230500	-1.357000000000
10790.000000000000	300999.999999999999	-10544.338534641574	2289.328475093249	-1.357000000000
10760.000000000000	301999.999999999999	-10515.021560031821	2282.963335681498	-1.357000000000
10730.000000000000	302999.999999999999	-10485.704585422067	2276.598196269746	-1.357000000000
10690.000000000000	303999.999999999999	-10446.615285942395	2268.111343720745	-1.357000000000
10660.000000000000	304999.999999999999	-10417.298311332639	2261.746204308993	-1.357000000000
10630.000000000000	305999.999999999999	-10387.981336722885	2255.381064897242	-1.357000000000
10610.000000000000	306999.999999999999	-10368.436686983050	2251.137638622741	-1.357000000000
10550.000000000000	307999.999999999999	-10309.802737763541	2238.407359799238	-1.357000000000
10530.000000000000	308999.999999999999	-10290.258088023706	2234.163933524737	-1.357000000000
10500.000000000000	309999.999999999999	-10260.941113413952	2227.798794112986	-1.357000000000
10470.000000000000	310999.999999999999	-10231.624138804196	2221.433654701234	-1.357000000000
10440.000000000000	311999.999999999999	-10204.517131187396	2204.865102291506	-1.358000000000
10360.000000000000	312999.999999999999	-10121.925408727395	2208.217838022045	-1.356000000000
10340.000000000000	313999.999999999999	-10100.176006491467	2214.056150573888	-1.355000000000
10310.000000000000	314999.999999999999	-10073.074417372532	2197.560416023869	-1.356000000000
10300.000000000000	315999.999999999999	-10067.674947435842	2175.297945747368	-1.358000000000
10280.000000000000	316999.999999999999	-10045.949966275753	2181.121105093476	-1.357000000000
10250.000000000000	317999.999999999999	-10018.802738953143	2164.738246981603	-1.358000000000
10220.000000000000	318999.999999999999	-9987.316017056246	2168.390826269973	-1.357000000000
10190.000000000000	319999.999999999999	-9960.156088773905	2152.066608462687	-1.358000000000
10170.000000000000	320999.999999999999	-9940.607205380826	2147.842728956381	-1.358000000000
10120.000000000000	321999.999999999999	-9889.592768357064	2147.173694897468	-1.357000000000
9360.000000000000	322999.999999999999	-9148.877427961113	1976.775608951006	-1.358000000000
9040.000000000000	323999.999999999999	-8891.025410519382	1634.401159293109	-1.389000000000
8990.000000000000	324999.999999999999	-8854.569199289328	1554.575278008995	-1.397000000000
8940.000000000000	325999.999999999999	-8811.435687141186	1510.695578657312	-1.401000000000
8920.000000000000	326999.999999999999	-8794.720349496101	1489.729496975593	-1.403000000000
8900.000000000000	327999.999999999999	-8777.956472187592	1468.836332740979	-1.405000000000
8860.000000000000	328999.999999999999	-8739.962847750252	1453.495586489798	-1.406000000000
8840.000000000000	329999.999999999999	-8720.233811976548	1450.214558077857	-1.406000000000
8810.000000000000	330999.999999999999	-8689.190620221651	1453.982931623374	-1.405000000000
8790.000000000000	331999.999999999999	-8672.348898833754	1433.340356264680	-1.407000000000
8750.000000000000	332999.999999999999	-8634.306786040855	1418.184164531832	-1.408000000000
8720.000000000000	333999.999999999999	-8603.285824554077	1421.925814178386	-1.407000000000
8700.000000000000	334999.999999999999	-8584.967890120621	1410.080255020222	-1.408000000000
8680.000000000000	335999.999999999999	-8566.634887593462	1398.272756892076	-1.409000000000
8650.000000000000	336999.999999999999	-8535.628994200388	1401.976345508611	-1.408000000000
8630.000000000000	337999.999999999999	-8514.490443337350	1407.249974353150	-1.407000000000
8620.000000000000	338999.999999999999	-8501.796043849106	1422.625751486207	-1.405000000000
8600.000000000000	339999.999999999999	-8479.214686733911	1436.286286321760	-1.403000000000
8580.000000000000	340999.999999999999	-8458.058407217002	1441.404863355809	-1.402000000000
8560.000000000000	341999.999999999999	-8432.522982260904	1471.786721519685	-1.398000000000
8560.000000000000	342999.999999999999	-8426.568390979961	1505.504949223816	-1.394000000000
8580.000000000000	343999.999999999999	-8433.914305009584	1576.543528024102	-1.386000000000
8630.000000000000	344999.999999999999	-8458.323592372442	1712.793626423145	-1.371000000000
8940.000000000000	345999.999999999999	-8734.557254249316	1905.547053273850	-1.356000000000
9430.000000000000	346999.999999999999	-9217.298519836891	1991.559187223075	-1.358000000000
9400.000000000000	347999.999999999999	-9187.975194747272	1985.223367963617	-1.358000000000
9380.000000000000	348999.999999999999	-9168.426311354193	1980.999488457311	-1.358000000000
9340.000000000000	349999.999999999999	-9129.328544568034	1972.551729444700	-1.358000000000
9310.000000000000	350999.999999999999	-9100.005219478417	1966.215910185242	-1.358000000000
9290.000000000000	351999.999999999999	-9080.456336085337	1961.992030678936	-1.358000000000
9240.000000000000	352999.999999999999	-9027.663202378488	1969.491585262905	-1.356000000000
9210.000000000000	353999.999999999999	-8998.352607565570	1963.097132064000	-1.356000000000
9180.000000000000	354999.999999999999	-8967.080825879271	1965.670741031749	-1.355000000000
9160.000000000000	355999.999999999999	-8949.501616210708	1952.439710065824	-1.356000000000
9080.000000000000	356999.999999999999	-8863.527528721963	1970.857617279328	-1.352000000000
9070.000000000000	357999.999999999999	-8855.730194385864	1959.832320440325	-1.353000000000
9040.000000000000	358999.999999999999	-8826.438914801347	1953.349964363896	-1.353000000000
9000.000000000000	359999.999999999999	-8785.434775164940	1953.493232986118	-1.352000000000
8940.000000000000	360999.999999999999	-8726.865209997175	1940.469944766210	-1.352000000000
8360.000000000000	361999.999999999999	-8174.948076359244	1749.235246852265	-1.360000000000
8160.000000000000	362999.999999999999	-8016.531154790424	1523.426481414356	-1.383000000000
8070.000000000000	363999.999999999999	-7941.351878125998	1435.210907074179	-1.392000000000
8050.000000000000	364999.999999999999	-7927.333936122222	1399.955951165945	-1.396000000000
8020.000000000000	365999.999999999999	-7901.939746595493	1371.039110009036	-1.399000000000
7990.000000000000	366999.999999999999	-7875.097442981887	1350.163050723928	-1.401000000000
7970.000000000000	367999.999999999999	-7854.034348008027	1354.638128914921	-1.400000000000
7960.000000000000	368999.999999999999	-7842.822990386549	1360.781959560090	-1.399000000000
7940.000000000000	369999.999999999999	-7823.117404983567	1357.362909410442	-1.399000000000
7920.000000000000	370999.999999999999	-7800.688326848885	1369.547964608592	-1.397000000000
7900.000000000000	371999.999999999999	-7780.989618952802	1366.089510152509	-1.397000000000
7880.000000000000	372999.999999999999	-7761.290911056719	1362.631055696427	-1.397000000000
7860.000000000000	373999.999999999999	-7740.229159990145	1366.913512566997	-1.396000000000
7850.000000000000	374999.999999999999	-7730.381540193720	1365.174436851263	-1.396000000000
7820.000000000000	375999.999999999999	-7702.194787368469	1352.255692328180	-1.397000000000
7800.000000000000	376999.999999999999	-7681.143441211594	1356.479058272592	-1.396000000000
7790.000000000000	377999.999999999999	-7671.295821415169	1354.739982556858	-1.396000000000
7760.000000000000	378999.999999999999	-7643.098663680221	1341.880328959933	-1.397000000000
7740.000000000000	379999.999999999999	-7627.380910110682	1315.545686047866	-1.400000000000
7710.000000000000	380999.999999999999	-7599.124065755988	1302.848200385668	-1.401000000000
7690.000000000000	381999.999999999999	-7580.707360314540	1291.888508065987	-1.402000000000
7670.000000000000	382999.999999999999	-7562.276354331289	1280.966955359058	-1.403000000000
7650.000000000000	383999.999999999999	-7541.275852588587	1285.168671873186	-1.402000000000
7630.000000000000	384999.999999999999	-7520.274529405731	1289.329671717594	-1.401000000000
7610.000000000000	385999.999999999999	-7500.562145318167	1285.950039550575	-1.401000000000
7600.000000000000	386999.999999999999	-7491.986467931145	1276.768876632185	-1.402000000000
7580.000000000000	387999.999999999999	-7468.416867729905	1295.820006716769	-1.399000000000
7560.000000000000	388999.999999999999	-7447.415157230424	1299.849020407572	-1.398000000000
7540.000000000000	389999.999999999999	-7425.105326504541	1311.263089663506	-1.396000000000
7540.000000000000	390999.999999999999	-7422.467951867862	1326.110667891071	-1.394000000000
7550.000000000000	391999.999999999999	-7422.834972779870	1379.862662324067	-1.387000000000
7560.000000000000	392999.999999999999	-7421.375293763340	1441.106779221825	-1.379000000000
7600.000000000000	393999.999999999999	-7448.813360606091	1508.369821647265	-1.371000000000
7590.000000000000	394999.999999999999	-7434.459666269756	1528.695349181186	-1.368000000000
7600.000000000000	395999.999999999999	-7441.178432949158	1545.594878683387	-1.366000000000
7610.000000000000	396999.999999999999	-7444.719351810261	1577.419973495266	-1.362000000000
7590.000000000000	397999.999999999999	-7425.153729335069	1573.274323105002	-1.362000000000
7570.000000000000	398999.999999999999	-7402.435040435344	1583.936700798044	-1.360000000000
7570.000000000000	399999.999999999999	-7402.435040435344	1583.936700798044	-1.360000000000
7530.000000000000	400999.999999999999	-7368.014015793166	1553.470135881425	-1.363000000000
7520.000000000000	401999.999999999999	-7356.674050671901	1558.764546739080	-1.362000000000
7510.000000000000	402999.999999999999	-7342.188110289001	1578.725357093763	-1.359000000000
7560.000000000000	403999.999999999999	-7383.032318056553	1626.171513258209	-1.354000000000
7610.000000000000	404999.999999999999	-7423.584399822804	1674.065308973190	-1.349000000000
7770.000000000000	405999.999999999999	-7567.514577291361	1762.277822161634	-1.342000000000
8080.000000000000	406999.999999999999	-7889.117968096779	1745.914569918173	-1.353000000000
8070.000000000000	407999.999999999999	-7882.825954776223	1727.991599142289	-1.355000000000
8060.000000000000	408999.999999999999	-7873.057892874393	1725.850345611754	-1.355000000000
8040.000000000000	409999.999999999999	-7853.521769070735	1721.567838550682	-1.355000000000
8020.000000000000	410999.999999999999	-7832.264443229305	1725.118457186619	-1.354000000000
8000.000000000000	411999.999999999999	-7811.007889204731	1728.628287047696	-1.353000000000
7980.000000000000	412999.999999999999	-7793.200780170805	1716.514375105888	-1.354000000000
7940.000000000000	413999.999999999999	-7750.705790534404	1723.415141101086	-1.352000000000
7430.000000000000	414999.999999999999	-7251.248143254003	1619.969248151143	-1.351000000000
7170.000000000000	415999.999999999999	-7034.394609188506	1387.873366780875	-1.376000000000
7090.000000000000	416999.999999999999	-6976.974574462618	1260.922593699619	-1.392000000000
7060.000000000000	417999.999999999999	-6951.188312815961	1234.739259832132	-1.395000000000
7040.000000000000	418999.999999999999	-6935.159088214576	1210.441415829274	-1.398000000000
7020.000000000000	419999.999999999999	-6920.229605904820	1179.331251836571	-1.402000000000
7000.000000000000	420999.999999999999	-6900.513852041844	1175.971333740170	-1.402000000000
6980.000000000000	421999.999999999999	-6880.798098178867	1172.611415643770	-1.402000000000
6970.000000000000	422999.999999999999	-6872.107717038994	1164.059932053799	-1.403000000000
6950.000000000000	423999.999999999999	-6851.224467384402	1167.571538499169	-1.402000000000
6930.000000000000	424999.999999999999	-6833.823472197077	1150.546283661937	-1.404000000000
6920.000000000000	425999.999999999999	-6822.809957232402	1155.709430389137	-1.403000000000
6910.000000000000	426999.999999999999	-6812.950405271084	1154.039330056205	-1.403000000000
6890.000000000000	427999.999999999999	-6792.077205795472	1157.491784209968	-1.402000000000
6870.000000000000	428999.999999999999	-6774.656169407492	1140.584843976553	-1.404000000000
6850.000000000000	429999.999999999999	-6752.645698069518	1150.771948017167	-1.402000000000
6840.000000000000	430999.999999999999	-6743.933541541854	1142.348627725679	-1.403000000000
6820.000000000000	431999.999999999999	-6723.072067275054	1145.732070872566	-1.402000000000
6810.000000000000	432999.999999999999	-6713.214190343565	1144.052111824366	-1.402000000000
6790.000000000000	433999.999999999999	-6693.498436480589	1140.692193727965	-1.402000000000
6780.000000000000	434999.999999999999	-6683.640559549101	1139.012234679765	-1.402000000000
6760.000000000000	435999.999999999999	-6663.924805686123	1135.652316583364	-1.402000000000
6750.000000000000	436999.999999999999	-6654.066928754635	1133.972357535164	-1.402000000000
6740.000000000000	437999.999999999999	-6644.209051823147	1132.292398486964	-1.402000000000
6720.000000000000	438999.999999999999	-6623.361053421562	1135.556408118248	-1.401000000000
6700.000000000000	439999.999999999999	-6603.648669333998	1132.176775951229	-1.401000000000
6690.000000000000	440999.999999999999	-6593.792477290215	1130.486959867720	-1.401000000000
6680.000000000000	441999.999999999999	-6583.936285246434	1128.797143784210	-1.401000000000
6670.000000000000	442999.999999999999	-6572.949699023029	1133.680843144608	-1.400000000000
6650.000000000000	443999.999999999999	-6553.240704423260	1130.281500286603	-1.400000000000
6630.000000000000	444999.999999999999	-6532.401561088293	1133.415124608467	-1.399000000000
6630.000000000000	445999.999999999999	-6533.531709823491	1126.882157428598	-1.400000000000
6600.000000000000	446999.999999999999	-6502.843182983822	1128.286549383994	-1.399000000000
6600.000000000000	447999.999999999999	-6501.711645201164	1134.788827339944	-1.398000000000
6580.000000000000	448999.999999999999	-6482.009488700554	1131.350073317702	-1.398000000000
6570.000000000000	449999.999999999999	-6471.025543863279	1136.102288823036	-1.397000000000
6560.000000000000	450999.999999999999	-6462.307332199945	1127.911319295460	-1.398000000000
6540.000000000000	451999.999999999999	-6442.605175699336	1124.472565273217	-1.398000000000
6530.000000000000	452999.999999999999	-6432.754097449031	1122.753188262096	-1.398000000000
6520.000000000000	453999.999999999999	-6421.778774123072	1127.456152682830	-1.397000000000
6500.000000000000	454999.999999999999	-6400.952867676328	1130.399215227160	-1.396000000000
6490.000000000000	455999.999999999999	-6391.105247879904	1128.660139511426	-1.396000000000
6470.000000000000	456999.999999999999	-6370.281640781765	1131.552834435396	-1.395000000000
6460.000000000000	457999.999999999999	-6360.435764984576	1129.803911971044	-1.395000000000
6450.000000000000	458999.999999999999	-6350.589889187386	1128.054989506693	-1.395000000000
6430.000000000000	459999.999999999999	-6329.770415187050	1130.887479381908	-1.394000000000
6420.000000000000	460999.999999999999	-6319.926293234970	1129.128711917862	-1.394000000000
6420.000000000000	461999.999999999999	-6318.794004748357	1135.448072593466	-1.393000000000
6400.000000000000	462999.999999999999	-6296.832869815132	1144.506797540205	-1.391000000000
6390.000000000000	463999.999999999999	-6283.537626629180	1161.574317353537	-1.388000000000
6380.000000000000	464999.999999999999	-6274.860853884254	1153.482234102880	-1.389000000000
6370.000000000000	465999.999999999999	-6265.025648784122	1151.674268218706	-1.389000000000
6360.000000000000	466999.999999999999	-6252.878202235758	1162.374375149810	-1.387000000000
6350.000000000000	467999.999999999999	-6240.713054708710	1173.030506333179	-1.385000000000
6350.000000000000	468999.999999999999	-6235.971019557823	1197.983907752923	-1.381000000000
6340.000000000000	469999.999999999999	-6223.745947415287	1208.547219611954	-1.379000000000
6330.000000000000	470999.999999999999	-6212.719565671823	1212.854318670840	-1.378000000000
6320.000000000000	471999.999999999999	-6200.470562074109	1223.341656632515	-1.376000000000
6300.000000000000	472999.999999999999	-6184.479411469450	1200.922316018187	-1.379000000000
6290.000000000000	473999.999999999999	-6172.252397580000	1211.363009410449	-1.377000000000
6280.000000000000	474999.999999999999	-6160.008398105418	1221.759606170840	-1.375000000000
6290.000000000000	475999.999999999999	-6166.118454775411	1242.209000803846	-1.372000000000
6290.000000000000	476999.999999999999	-6159.830359330605	1273.023937036922	-1.367000000000
6330.000000000000	477999.999999999999	-6185.881642658125	1343.044415879543	-1.357000000000
6330.000000000000	478999.999999999999	-6183.183183857929	1355.413484829082	-1.355000000000
6340.000000000000	479999.999999999999	-6190.223752194749	1369.937917485299	-1.353000000000
6410.000000000000	480999.999999999999	-6244.406742022236	1447.578820025781	-1.343000000000
6350.000000000000	481999.999999999999	-6191.643369794237	1409.273707014740	-1.347000000000
6310.000000000000	482999.999999999999	-6159.565936810086	1369.615811126934	-1.352000000000
6260.000000000000	483999.999999999999	-6118.800502033822	1322.074285473643	-1.358000000000
6210.000000000000	484999.999999999999	-6077.688075475423	1275.071628271858	-1.364000000000
6160.000000000000	485999.999999999999	-6035.002030022310	1234.645899692137	-1.369000000000
6140.000000000000	486999.999999999999	-6020.282280498043	1206.565896717325	-1.373000000000
6120.000000000000	487999.999999999999	-6003.065508981713	1190.631972892602	-1.375000000000
6100.000000000000	488999.999999999999	-5984.631396938617	1180.756978711762	-1.376000000000
6090.000000000000	489999.999999999999	-5974.820525796095	1178.821311533547	-1.376000000000
6090.000000000000	490999.999999999999	-5973.638717271018	1184.795541652932	-1.375000000000
6080.000000000000	491999.999999999999	-5962.643954918711	1188.813301940788	-1.374000000000
6070.000000000000	492999.999999999999	-5954.020856130554	1180.904587493152	-1.375000000000
6060.000000000000	493999.999999999999	-5940.648304600793	1196.786414128983	-1.372000000000
6040.000000000000	494999.999999999999	-5923.416034162667	1180.992161796440	-1.374000000000
6020.000000000000	495999.999999999999	-5906.144427798439	1165.271641286035	-1.376000000000
6000.000000000000	496999.999999999999	-5886.522685513394	1161.400306929602	-1.376000000000
5990.000000000000	497999.999999999999	-5877.868340461717	1153.587349184195	-1.377000000000
5980.000000000000	498999.999999999999	-5870.347123902748	1139.923087268057	-1.379000000000
5970.000000000000	499999.999999999999	-5859.389542979587	1143.876821874394	-1.378000000000
5960.000000000000	500999.999999999999	-5848.429934749888	1147.809783161570	-1.377000000000
5950.000000000000	501999.999999999999	-5839.760097274463	1140.044738719036	-1.378000000000
5930.000000000000	502999.999999999999	-5820.130651569339	1136.212655563678	-1.378000000000
5920.000000000000	503999.999999999999	-5811.447319983991	1128.485731877408	-1.379000000000
5910.000000000000	504999.999999999999	-5801.630685997531	1126.579505978966	-1.379000000000
5900.000000000000	505999.999999999999	-5790.686483011652	1130.464530830641	-1.378000000000
5890.000000000000	506999.999999999999	-5781.997418024613	1122.767054182083	-1.379000000000
5880.000000000000	507999.999999999999	-5771.057037306527	1126.632447675283	-1.378000000000
5860.000000000000	508999.999999999999	-5749.170489518082	1134.300966434578	-1.376000000000
5860.000000000000	509999.999999999999	-5749.170489518082	1134.300966434578	-1.376000000000
5840.000000000000	510999.999999999999	-5730.676311902575	1124.699519071069	-1.377000000000
5830.000000000000	511999.999999999999	-5720.863509998632	1122.773663730193	-1.377000000000
5820.000000000000	512999.999999999999	-5711.050708094690	1120.847808389318	-1.377000000000
5810.000000000000	513999.999999999999	-5701.237906190747	1118.921953048443	-1.377000000000
5800.000000000000	514999.999999999999	-5690.305262662948	1122.686963365283	-1.376000000000
5790.000000000000	515999.999999999999	-5680.494391520426	1120.751296187066	-1.376000000000
5780.000000000000	516999.999999999999	-5671.799500478919	1113.144387025818	-1.377000000000
5760.000000000000	517999.999999999999	-5653.280363075783	1103.639948743134	-1.378000000000
5750.000000000000	518999.999999999999	-5643.465640223220	1101.723907165455	-1.378000000000
5740.000000000000	519999.999999999999	-5633.650917370658	1099.807865587776	-1.378000000000
5730.000000000000	520999.999999999999	-5622.735490959205	1103.515110321442	-1.377000000000
5720.000000000000	521999.999999999999	-5610.708286172450	1112.812889697007	-1.375000000000
5720.000000000000	522999.999999999999	-5609.592668114314	1118.423040641662	-1.374000000000
5710.000000000000	523999.999999999999	-5598.666420463164	1122.066982126372	-1.373000000000
5700.000000000000	524999.999999999999	-5587.738504327479	1125.690191507459	-1.372000000000
5690.000000000000	525999.999999999999	-5577.935454319887	1123.715296434639	-1.372000000000
5680.000000000000	526999.999999999999	-5569.251360460730	1116.171709015376	-1.373000000000
5660.000000000000	527999.999999999999	-5551.854702751061	1101.140027217667	-1.375000000000
5640.000000000000	528999.999999999999	-5534.420273823720	1086.182412253566	-1.377000000000
5630.000000000000	529999.999999999999	-5527.835375996385	1067.677880206808	-1.380000000000
5620.000000000000	530999.999999999999	-5520.137366185405	1054.743314007565	-1.382000000000
5600.000000000000	531999.999999999999	-5500.492749223891	1050.989779082272	-1.382000000000
5590.000000000000	532999.999999999999	-5490.670440743134	1049.113011619625	-1.382000000000
5580.000000000000	533999.999999999999	-5481.892627908157	1041.754873320111	-1.383000000000
5580.000000000000	534999.999999999999	-5480.848132262377	1047.236244156978	-1.382000000000
5570.000000000000	535999.999999999999	-5469.977728966469	1050.829978926580	-1.381000000000
5560.000000000000	536999.999999999999	-5460.157302164015	1048.943390095473	-1.381000000000
5550.000000000000	537999.999999999999	-5449.287093566596	1052.506613702981	-1.380000000000
5540.000000000000	538999.999999999999	-5437.356460319415	1061.487034034195	-1.378000000000
5530.000000000000	539999.999999999999	-5426.479452880350	1064.998003503940	-1.377000000000
5520.000000000000	540999.999999999999	-5414.529674767819	1073.903348099209	-1.375000000000
5520.000000000000	541999.999999999999	-5414.529674767819	1073.903348099209	-1.375000000000
5510.000000000000	542999.999999999999	-5403.646084145082	1077.362054883839	-1.374000000000
5510.000000000000	543999.999999999999	-5401.480554183230	1088.167185123878	-1.372000000000
5510.000000000000	544999.999999999999	-5398.191750880344	1104.366705731116	-1.369000000000
5510.000000000000	545999.999999999999	-5393.731110360895	1125.950580232105	-1.365000000000
5510.000000000000	546999.999999999999	-5388.033959418593	1152.905049061720	-1.360000000000
5540.000000000000	547999.999999999999	-5406.717996450495	1207.890933345536	-1.351000000000
5590.000000000000	548999.999999999999	-5441.778588076835	1278.728195649288	-1.340000000000
5620.000000000000	549999.999999999999	-5465.797007114481	1307.464369311220	-1.336000000000
5580.000000000000	550999.999999999999	-5432.043742659882	1276.440667571203	-1.340000000000
5550.000000000000	551999.999999999999	-5405.367555208115	1258.769872972595	-1.342000000000
5490.000000000000	552999.999999999999	-5357.920902619714	1196.989390625811	-1.351000000000
5450.000000000000	553999.999999999999	-5325.917054105336	1156.333659801502	-1.357000000000
5430.000000000000	554999.999999999999	-5309.804791223767	1136.165955790407	-1.360000000000
5420.000000000000	555999.999999999999	-5302.283690776821	1123.471255761412	-1.362000000000
5400.000000000000	556999.999999999999	-5286.052267867302	1103.472437977018	-1.365000000000
5380.000000000000	557999.999999999999	-5267.571048587693	1094.118479910082	-1.366000000000
5370.000000000000	558999.999999999999	-5258.869480064443	1086.826477247738	-1.367000000000
5360.000000000000	559999.999999999999	-5250.158604901962	1079.552973861812	-1.368000000000
5350.000000000000	560999.999999999999	-5241.438451399246	1072.297981063788	-1.369000000000
5340.000000000000	561999.999999999999	-5231.641370181677	1070.293685772079	-1.369000000000
5330.000000000000	562999.999999999999	-5221.844288964108	1068.289390480371	-1.369000000000
5320.000000000000	563999.999999999999	-5212.047207746540	1066.285095188663	-1.369000000000
5310.000000000000	564999.999999999999	-5202.250126528971	1064.280799896955	-1.369000000000
5300.000000000000	565999.999999999999	-5192.453045311402	1062.276504605248	-1.369000000000
5290.000000000000	566999.999999999999	-5181.593100733466	1065.454334277796	-1.368000000000
5280.000000000000	567999.999999999999	-5171.798028709395	1063.440242908651	-1.368000000000
5270.000000000000	568999.999999999999	-5162.002956685325	1061.426151539506	-1.368000000000
5270.000000000000	569999.999999999999	-5160.938949709426	1066.587622922827	-1.367000000000
5260.000000000000	570999.999999999999	-5151.145896673925	1064.563737490335	-1.367000000000
5250.000000000000	571999.999999999999	-5140.287733287248	1067.680672774708	-1.366000000000
5240.000000000000	572999.999999999999	-5132.617740613112	1055.383877432070	-1.368000000000
5230.000000000000	573999.999999999999	-5123.873476788422	1048.246437563291	-1.369000000000
5220.000000000000	574999.999999999999	-5114.076395570853	1046.242142271583	-1.369000000000
5210.000000000000	575999.999999999999	-5104.279314353284	1044.237846979875	-1.369000000000
5200.000000000000	576999.999999999999	-5093.437452516829	1047.327511955490	-1.368000000000
5190.000000000000	577999.999999999999	-5082.594525425412	1050.396539462897	-1.367000000000
5190.000000000000	578999.999999999999	-5079.420468875595	1065.639573386625	-1.364000000000
5190.000000000000	579999.999999999999	-5077.279032312123	1075.796276273381	-1.362000000000
5180.000000000000	580999.999999999999	-5067.496221074527	1073.723451078249	-1.362000000000
5170.000000000000	581999.999999999999	-5056.639230533163	1076.707802624735	-1.361000000000
5160.000000000000	582999.999999999999	-5046.858497011822	1074.625195656408	-1.361000000000
5150.000000000000	583999.999999999999	-5038.147787361740	1067.504975492854	-1.362000000000
5140.000000000000	584999.999999999999	-5029.427893914592	1060.403253443629	-1.363000000000
5130.000000000000	585999.999999999999	-5020.698844957958	1053.320040746318	-1.364000000000
5120.000000000000	586999.999999999999	-5010.911907638352	1051.266785306266	-1.364000000000
5110.000000000000	587999.999999999999	-5002.171683111466	1044.211881122696	-1.365000000000
5100.000000000000	588999.999999999999	-4992.382697430230	1042.168413644961	-1.365000000000
5100.000000000000	589999.999999999999	-4991.338032999140	1047.160274426164	-1.364000000000
5090.000000000000	590999.999999999999	-4980.503498059392	1050.088046698068	-1.363000000000
5080.000000000000	591999.999999999999	-4969.668108698571	1052.995199126932	-1.362000000000
5080.000000000000	592999.999999999999	-4967.552180371406	1062.932422728410	-1.360000000000
5080.000000000000	593999.999999999999	-4964.341033918368	1077.830273723235	-1.357000000000
5080.000000000000	594999.999999999999	-4961.085208429536	1092.718424252871	-1.354000000000
5080.000000000000	595999.999999999999	-4956.674657759429	1112.553970432651	-1.350000000000
5090.000000000000	596999.999999999999	-4961.933195676918	1134.600793953293	-1.346000000000
5070.000000000000	597999.999999999999	-4946.917424181162	1110.363903561720	-1.350000000000
5050.000000000000	598999.999999999999	-4930.698730060487	1091.196606198858	-1.353000000000
5040.000000000000	599999.999999999999	-4923.103198521953	1079.191779389980	-1.355000000000
5020.000000000000	600999.999999999999	-4905.707084698861	1065.099994899732	-1.357000000000
5010.000000000000	601999.999999999999	-4898.050923108907	1053.184292814881	-1.359000000000
5000.000000000000	602999.999999999999	-4888.274374360187	1051.082128557765	-1.359000000000
4990.000000000000	603999.999999999999	-4879.544366152228	1044.100942798182	-1.360000000000
4980.000000000000	604999.999999999999	-4870.805293627688	1037.138270226533	-1.361000000000
4970.000000000000	605999.999999999999	-4861.024560106348	1035.055663258207	-1.361000000000
4960.000000000000	606999.999999999999	-4853.300068835871	1023.268509159611	-1.363000000000
4950.000000000000	607999.999999999999	-4843.515189664830	1021.205467810499	-1.363000000000
4940.000000000000	608999.999999999999	-4833.730310493791	1019.142426461386	-1.363000000000
4930.000000000000	609999.999999999999	-4823.945431322751	1017.079385112274	-1.363000000000
4920.000000000000	610999.999999999999	-4813.143128897042	1019.829996004824	-1.362000000000
4920.000000000000	611999.999999999999	-4813.143128897042	1019.829996004824	-1.362000000000
4910.000000000000	612999.999999999999	-4802.340158978303	1022.560021448249	-1.361000000000
4910.000000000000	613999.999999999999	-4802.340158978303	1022.560021448249	-1.361000000000
4890.000000000000	614999.999999999999	-4784.805914638590	1008.827219715826	-1.363000000000
4880.000000000000	615999.999999999999	-4775.021035467550	1006.764178366714	-1.363000000000
4870.000000000000	616999.999999999999	-4767.236026761808	995.168661657051	-1.365000000000
4860.000000000000	617999.999999999999	-4757.447041080572	993.125194179316	-1.365000000000
4860.000000000000	618999.999999999999	-4756.451537328592	997.882143864932	-1.364000000000
4850.000000000000	619999.999999999999	-4746.664600008986	995.828888424881	-1.364000000000
4850.000000000000	620999.999999999999	-4744.663450233872	1005.320219638901	-1.362000000000
4840.000000000000	621999.999999999999	-4733.875024328918	1007.981772669964	-1.361000000000
4840.000000000000	622999.999999999999	-4733.875024328918	1007.981772669964	-1.361000000000
4830.000000000000	623999.999999999999	-4722.073045631941	1015.345336186801	-1.359000000000
4820.000000000000	624999.999999999999	-4711.280897732112	1017.954961019642	-1.358000000000
4820.000000000000	625999.999999999999	-4710.260587300500	1022.665732154723	-1.357000000000
4820.000000000000	626999.999999999999	-4707.171398549283	1036.791890728118	-1.354000000000
4820.000000000000	627999.999999999999	-4704.039845287253	1050.908718181495	-1.351000000000
4810.000000000000	628999.999999999999	-4696.368493384344	1039.337757587427	-1.353000000000
4790.000000000000	629999.999999999999	-4680.943612690745	1016.300592742972	-1.357000000000
4770.000000000000	630999.999999999999	-4664.414153616459	998.068436302070	-1.360000000000
4760.000000000000	631999.999999999999	-4656.618149095511	986.664792882716	-1.362000000000
4750.000000000000	632999.999999999999	-4648.795226812924	975.296334024368	-1.364000000000
4750.000000000000	633999.999999999999	-4649.768198586979	970.647051924229	-1.365000000000
4730.000000000000	634999.999999999999	-4631.154472085463	961.929444233213	-1.366000000000
4720.000000000000	635999.999999999999	-4622.321032756829	955.273924135814	-1.367000000000
4720.000000000000	636999.999999999999	-4622.321032756829	955.273924135814	-1.367000000000
4710.000000000000	637999.999999999999	-4613.478923337359	948.637034867376	-1.368000000000
4700.000000000000	638999.999999999999	-4603.683851313287	946.622943498231	-1.368000000000
4700.000000000000	639999.999999999999	-4604.628172257281	942.018787102767	-1.369000000000
4690.000000000000	640999.999999999999	-4593.888779289216	944.608852129086	-1.368000000000
4680.000000000000	641999.999999999999	-4584.093707265146	942.594760759941	-1.368000000000
4670.000000000000	642999.999999999999	-4574.298635241075	940.580669390796	-1.368000000000
4670.000000000000	643999.999999999999	-4574.298635241075	940.580669390796	-1.368000000000
4660.000000000000	644999.999999999999	-4563.562714543819	943.130611540867	-1.367000000000
4650.000000000000	645999.999999999999	-4553.769661508317	941.106726108376	-1.367000000000
4650.000000000000	646999.999999999999	-4552.826278054419	945.660024457599	-1.366000000000
4640.000000000000	647999.999999999999	-4542.089356093386	948.168909669141	-1.365000000000
4640.000000000000	648999.999999999999	-4542.089356093386	948.168909669141	-1.365000000000
4630.000000000000	649999.999999999999	-4531.351978977650	950.657268743753	-1.364000000000
4620.000000000000	650999.999999999999	-4519.658791769173	957.645240150871	-1.362000000000
4620.000000000000	651999.999999999999	-4518.698886859422	962.164419366784	-1.361000000000
4620.000000000000	652999.999999999999	-4515.792063801319	975.716165956586	-1.358000000000
4620.000000000000	653999.999999999999	-4511.853083256782	993.771480324461	-1.354000000000
4620.000000000000	654999.999999999999	-4506.827848512661	1016.318229626299	-1.349000000000
4640.000000000000	655999.999999999999	-4521.177778559470	1043.336712025439	-1.344000000000
4670.000000000000	656999.999999999999	-4537.481219222612	1104.610422367124	-1.332000000000
4680.000000000000	657999.999999999999	-4543.856068439415	1120.612345687081	-1.329000000000
4720.000000000000	658999.999999999999	-4572.335272558212	1171.388131799200	-1.320000000000
4780.000000000000	659999.999999999999	-4622.040850006313	1218.662537732624	-1.313000000000
4800.000000000000	660999.999999999999	-4636.447768947556	1242.317224311581	-1.309000000000
4790.000000000000	661999.999999999999	-4626.788502762249	1239.729063427599	-1.309000000000
4780.000000000000	662999.999999999999	-4617.129236576941	1237.140902543616	-1.309000000000
4760.000000000000	663999.999999999999	-4599.040369676613	1227.366154855507	-1.310000000000
4750.000000000000	664999.999999999999	-4589.378520160486	1224.787654530181	-1.310000000000
4740.000000000000	665999.999999999999	-4580.936589736718	1217.628827192970	-1.311000000000
4740.000000000000	666999.999999999999	-4579.716670644360	1222.209154204854	-1.310000000000
4740.000000000000	667999.999999999999	-4579.716670644360	1222.209154204854	-1.310000000000
4730.000000000000	668999.999999999999	-4568.832905650404	1224.200098123704	-1.309000000000
4720.000000000000	669999.999999999999	-4559.173639465096	1221.611937239722	-1.309000000000
4720.000000000000	670999.999999999999	-4557.949748144829	1226.170499313406	-1.308000000000
4710.000000000000	671999.999999999999	-4549.514373279789	1219.023776355739	-1.309000000000
4710.000000000000	672999.999999999999	-4548.293074949607	1223.572680458929	-1.308000000000
4700.000000000000	673999.999999999999	-4537.413157778265	1225.512886762387	-1.307000000000
4620.000000000000	674999.999999999999	-4470.841688767564	1164.463221393444	-1.316000000000
4580.000000000000	675999.999999999999	-4438.979570735907	1127.767870880024	-1.322000000000
4520.000000000000	676999.999999999999	-4393.867187072963	1060.344822387285	-1.334000000000
4490.000000000000	677999.999999999999	-4372.991049168367	1018.356167503956	-1.342000000000
4470.000000000000	678999.999999999999	-4358.526907555943	992.039916591478	-1.347000000000
4450.000000000000	679999.999999999999	-4343.909416609332	965.893876309803	-1.352000000000
4430.000000000000	680999.999999999999	-4328.197834040769	944.247589038384	-1.356000000000
4420.000000000000	681999.999999999999	-4319.367592503778	937.797206664705	-1.357000000000
4410.000000000000	682999.999999999999	-4310.528788173987	931.365431140378	-1.358000000000
4410.000000000000	683999.999999999999	-4311.457998185685	927.054437387949	-1.359000000000
4400.000000000000	684999.999999999999	-4303.522749389926	916.347066063604	-1.361000000000
4400.000000000000	685999.999999999999	-4304.436944542070	912.043085857972	-1.362000000000
4390.000000000000	686999.999999999999	-4293.742015868585	914.264459095278	-1.361000000000
4390.000000000000	687999.999999999999	-4293.742015868585	914.264459095278	-1.361000000000
4380.000000000000	688999.999999999999	-4284.871322066878	907.897435467709	-1.362000000000
4370.000000000000	689999.999999999999	-4275.088510829282	905.824610272577	-1.362000000000
4360.000000000000	690999.999999999999	-4265.305699591687	903.751785077445	-1.362000000000
4360.000000000000	691999.999999999999	-4263.489666617979	912.280583286588	-1.360000000000
4350.000000000000	692999.999999999999	-4256.422439402427	897.422986863771	-1.363000000000
4340.000000000000	693999.999999999999	-4244.838348261881	903.851424253646	-1.361000000000
4340.000000000000	694999.999999999999	-4244.838348261881	903.851424253646	-1.361000000000
4340.000000000000	695999.999999999999	-4244.838348261881	903.851424253646	-1.361000000000
4330.000000000000	696999.999999999999	-4235.057614740540	901.768817285319	-1.361000000000
4320.000000000000	697999.999999999999	-4224.375082520566	903.911036650931	-1.360000000000
4320.000000000000	698999.999999999999	-4223.469059447201	908.134959073909	-1.359000000000
4310.000000000000	699999.999999999999	-4211.872018934679	914.458362154949	-1.357000000000
4310.000000000000	700999.999999999999	-4210.955454789099	918.669776242762	-1.356000000000
4310.000000000000	701999.999999999999	-4208.180500309049	931.298489646946	-1.353000000000
4300.000000000000	702999.999999999999	-4195.610438654634	941.728754500078	-1.350000000000
4300.000000000000	703999.999999999999	-4193.718591183192	950.118086326360	-1.348000000000
4300.000000000000	704999.999999999999	-4189.884579268474	966.885315023575	-1.344000000000
4310.000000000000	705999.999999999999	-4195.718374706827	985.924601654460	-1.340000000000
4330.000000000000	706999.999999999999	-4207.129267501908	1024.189106820053	-1.332000000000
4360.000000000000	707999.999999999999	-4225.753477818462	1073.595615073560	-1.322000000000
4390.000000000000	708999.999999999999	-4246.045839706670	1114.986424630216	-1.314000000000
4450.000000000000	709999.999999999999	-4293.732151431665	1168.915827492300	-1.305000000000
4590.000000000000	710999.999999999999	-4411.502724194097	1267.573948307578	-1.291000000000
4710.000000000000	711999.999999999999	-4530.717891557179	1287.126795278409	-1.294000000000
4710.000000000000	712999.999999999999	-4533.283081998805	1278.062791283518	-1.296000000000
4700.000000000000	713999.999999999999	-4523.658277153797	1275.349282172513	-1.296000000000
4690.000000000000	714999.999999999999	-4512.758579731285	1277.149169463645	-1.295000000000
4690.000000000000	715999.999999999999	-4512.758579731285	1277.149169463645	-1.295000000000
4610.000000000000	716999.999999999999	-4425.597137528375	1290.809814147945	-1.287000000000
4450.000000000000	717999.999999999999	-4283.038156028595	1207.511554397380	-1.296000000000
4330.000000000000	718999.999999999999	-4185.805453117326	1108.121251783062	-1.312000000000
4250.000000000000	719999.999999999999	-4129.399396508801	1005.266444338389	-1.332000000000
4220.000000000000	720999.999999999999	-4107.137375213973	969.444470364585	-1.339000000000
4210.000000000000	721999.999999999999	-4101.240621515385	950.749895835965	-1.343000000000
4200.000000000000	722999.999999999999	-4093.387756236509	940.306693102329	-1.345000000000
4190.000000000000	723999.999999999999	-4084.577620802807	933.983757694361	-1.346000000000
4180.000000000000	724999.999999999999	-4076.684583987382	923.603162987020	-1.348000000000
4180.000000000000	725999.999999999999	-4077.606148654313	919.526017280938	-1.349000000000
4170.000000000000	726999.999999999999	-4068.766402137168	913.257885177983	-1.350000000000
4160.000000000000	727999.999999999999	-4059.918206720949	907.008354281124	-1.351000000000
4160.000000000000	728999.999999999999	-4060.823184965128	902.947983246917	-1.352000000000
4150.000000000000	729999.999999999999	-4051.061590770501	900.777435210265	-1.352000000000
4140.000000000000	730999.999999999999	-4040.399369188637	902.647737193234	-1.351000000000
4140.000000000000	731999.999999999999	-4040.399369188637	902.647737193234	-1.351000000000
4130.000000000000	732999.999999999999	-4030.639950422481	900.467428649289	-1.351000000000
4130.000000000000	733999.999999999999	-4029.737467824102	904.497617694261	-1.350000000000
4120.000000000000	734999.999999999999	-4019.980234245836	902.307550823331	-1.350000000000
4120.000000000000	735999.999999999999	-4019.980234245836	902.307550823331	-1.350000000000
4110.000000000000	736999.999999999999	-4008.414746456493	908.136124372405	-1.348000000000
4110.000000000000	737999.999999999999	-4006.590458591775	916.151132249123	-1.346000000000
4110.000000000000	738999.999999999999	-4003.823979674164	928.166762918246	-1.343000000000
4110.000000000000	739999.999999999999	-4001.021466367763	940.174040092768	-1.340000000000
4110.000000000000	740999.999999999999	-3998.182943895170	952.172855707276	-1.337000000000
4110.000000000000	741999.999999999999	-3995.308437803071	964.163101772509	-1.334000000000
4120.000000000000	742999.999999999999	-4001.131317034704	982.521340146939	-1.330000000000
4130.000000000000	743999.999999999999	-4005.868155398798	1004.947919825616	-1.325000000000
4130.000000000000	744999.999999999999	-4001.816327536417	1020.963310145346	-1.321000000000
4120.000000000000	745999.999999999999	-3992.126699624707	1018.491244019086	-1.321000000000
4100.000000000000	746999.999999999999	-3976.769839500017	997.648056001217	-1.325000000000
4090.000000000000	747999.999999999999	-3971.996865697072	975.367058543928	-1.330000000000
4070.000000000000	748999.999999999999	-3955.467899814188	958.735465881769	-1.333000000000
4060.000000000000	749999.999999999999	-3947.654172395571	948.486444377486	-1.335000000000
4060.000000000000	750999.999999999999	-3948.600684854945	944.538316619849	-1.336000000000
4050.000000000000	751999.999999999999	-3938.875067404564	942.211867564135	-1.336000000000
4050.000000000000	752999.999999999999	-3936.982767178209	950.087728024005	-1.334000000000
4050.000000000000	753999.999999999999	-3936.030711117312	954.024235091195	-1.333000000000
4050.000000000000	754999.999999999999	-3933.150930580231	965.828016406579	-1.330000000000
4050.000000000000	755999.999999999999	-3929.256163651271	981.552851561494	-1.326000000000
4070.000000000000	756999.999999999999	-3940.642425313368	1017.957403735724	-1.318000000000
4110.000000000000	757999.999999999999	-3966.749339778785	1075.639193858505	-1.306000000000
4190.000000000000	758999.999999999999	-4028.213138613083	1153.082351744635	-1.292000000000
4310.000000000000	759999.999999999999	-4130.282035670110	1231.612887972831	-1.281000000000
4390.000000000000	760999.999999999999	-4208.198573155577	1250.265879279829	-1.282000000000
4400.000000000000	761999.999999999999	-4220.282237392304	1244.675795840433	-1.284000000000
4410.000000000000	762999.999999999999	-4229.873787931831	1247.504604467343	-1.284000000000
4410.000000000000	763999.999999999999	-4229.873787931831	1247.504604467343	-1.284000000000
4410.000000000000	764999.999999999999	-4229.873787931831	1247.504604467343	-1.284000000000
4410.000000000000	765999.999999999999	-4229.873787931831	1247.504604467343	-1.284000000000
4400.000000000000	766999.999999999999	-4219.035451662966	1248.895455036599	-1.283000000000
4400.000000000000	767999.999999999999	-4220.282237392304	1244.675795840433	-1.284000000000
4400.000000000000	768999.999999999999	-4219.035451662966	1248.895455036599	-1.283000000000
4390.000000000000	769999.999999999999	-4209.446734727368	1246.057056275152	-1.283000000000
4370.000000000000	770999.999999999999	-4190.269300856173	1240.380258752259	-1.283000000000
4360.000000000000	771999.999999999999	-4179.440951926724	1241.721921107074	-1.282000000000
4360.000000000000	772999.999999999999	-4179.440951926724	1241.721921107074	-1.282000000000
4350.000000000000	773999.999999999999	-4169.855078183772	1238.873935049489	-1.282000000000
4350.000000000000	774999.999999999999	-4167.368992258128	1247.211161899007	-1.280000000000
4350.000000000000	775999.999999999999	-4168.614119527836	1243.043169995781	-1.281000000000
4340.000000000000	776999.999999999999	-4159.031098563404	1240.185599490044	-1.281000000000
4340.000000000000	777999.999999999999	-4159.031098563404	1240.185599490044	-1.281000000000
4330.000000000000	778999.999999999999	-4148.208675052344	1241.476857706367	-1.280000000000
4330.000000000000	779999.999999999999	-4148.208675052344	1241.476857706367	-1.280000000000
4330.000000000000	780999.999999999999	-4148.208675052344	1241.476857706367	-1.280000000000
4320.000000000000	781999.999999999999	-4138.628516449452	1238.609705610048	-1.280000000000
4320.000000000000	782999.999999999999	-4137.387837636191	1242.747714131925	-1.279000000000
4320.000000000000	783999.999999999999	-4138.628516449452	1238.609705610048	-1.280000000000
4310.000000000000	784999.999999999999	-4129.048357846559	1235.742553513728	-1.280000000000
4310.000000000000	785999.999999999999	-4127.810550974996	1239.870983312175	-1.279000000000
4300.000000000000	786999.999999999999	-4118.233264313801	1236.994252492425	-1.279000000000
4300.000000000000	787999.999999999999	-4118.233264313801	1236.994252492425	-1.279000000000
4290.000000000000	788999.999999999999	-4107.419806008802	1238.225559906842	-1.278000000000
4290.000000000000	789999.999999999999	-4107.419806008802	1238.225559906842	-1.278000000000
4280.000000000000	790999.999999999999	-4096.608012896711	1239.436480288711	-1.277000000000
4270.000000000000	791999.999999999999	-4088.270995724379	1232.452946573943	-1.278000000000
4260.000000000000	792999.999999999999	-4076.229301551312	1237.721568517937	-1.276000000000
4250.000000000000	793999.999999999999	-4066.660688167389	1234.816118826580	-1.276000000000
4240.000000000000	794999.999999999999	-4057.092074783466	1231.910669135224	-1.276000000000
4220.000000000000	795999.999999999999	-4036.726729472960	1230.137110877700	-1.275000000000
4170.000000000000	796999.999999999999	-3990.111781096003	1211.572521295727	-1.276000000000
4050.000000000000	797999.999999999999	-3882.278865895236	1153.434353321938	-1.282000000000
3940.000000000000	798999.999999999999	-3788.948681208832	1080.494280950090	-1.293000000000
3890.000000000000	799999.999999999999	-3750.314984291969	1033.071884524560	-1.302000000000
3880.000000000000	800999.999999999999	-3743.748482596598	1019.189530487669	-1.305000000000
3850.000000000000	801999.999999999999	-3719.812063709026	992.722625250778	-1.310000000000
3830.000000000000	802999.999999999999	-3706.347114281336	965.345051501491	-1.316000000000
3820.000000000000	803999.999999999999	-3700.491682451773	948.030225312064	-1.320000000000
3810.000000000000	804999.999999999999	-3693.624564000076	934.471818844875	-1.323000000000
3800.000000000000	805999.999999999999	-3686.709486882674	920.963169366340	-1.326000000000
3790.000000000000	806999.999999999999	-3677.924320737261	914.862115801804	-1.327000000000
3780.000000000000	807999.999999999999	-3668.220034930567	912.448231591246	-1.327000000000
3780.000000000000	808999.999999999999	-3669.130648900219	908.779555943607	-1.328000000000
3770.000000000000	809999.999999999999	-3659.423954061858	906.375377224179	-1.328000000000
3770.000000000000	810999.999999999999	-3658.515749123872	910.034347380687	-1.327000000000
3760.000000000000	811999.999999999999	-3649.717259223498	903.971198504752	-1.328000000000
3760.000000000000	812999.999999999999	-3649.717259223498	903.971198504752	-1.328000000000
3750.000000000000	813999.999999999999	-3640.010564385138	901.567019785324	-1.328000000000
3750.000000000000	814999.999999999999	-3640.910311249531	897.926559044136	-1.329000000000
3740.000000000000	815999.999999999999	-3632.094933424707	891.900439842125	-1.330000000000
3740.000000000000	816999.999999999999	-3632.094933424707	891.900439842125	-1.330000000000
3730.000000000000	817999.999999999999	-3622.383449645497	889.515679307787	-1.330000000000
3730.000000000000	818999.999999999999	-3623.271153984977	885.892851704070	-1.331000000000
3720.000000000000	819999.999999999999	-3613.557290301372	883.517803844274	-1.331000000000
3720.000000000000	820999.999999999999	-3612.671965866286	887.130918773450	-1.330000000000
3720.000000000000	821999.999999999999	-3610.890479870056	894.354483627042	-1.328000000000
3720.000000000000	822999.999999999999	-3609.994320090399	897.964926327892	-1.327000000000
3710.000000000000	823999.999999999999	-3598.491732815869	902.749826284028	-1.325000000000
3710.000000000000	824999.999999999999	-3595.767294198737	913.541222918098	-1.322000000000
3720.000000000000	825999.999999999999	-3599.898502644013	937.619736706409	-1.316000000000
3750.000000000000	826999.999999999999	-3618.313610757021	985.041427662051	-1.305000000000
3790.000000000000	827999.999999999999	-3642.613360500137	1046.646027033926	-1.291000000000
3890.000000000000	828999.999999999999	-3717.639961196922	1145.099610912407	-1.272000000000
4060.000000000000	829999.999999999999	-3878.910434962869	1199.022033799284	-1.271000000000
4070.000000000000	830999.999999999999	-3884.840983013530	1213.635256861992	-1.268000000000
4050.000000000000	831999.999999999999	-3863.327782549476	1215.400528460206	-1.266000000000
4070.000000000000	832999.999999999999	-3883.625405538611	1217.519490379955	-1.267000000000
4060.000000000000	833999.999999999999	-3872.866863494043	1218.401517419366	-1.266000000000
4060.000000000000	834999.999999999999	-3872.866863494043	1218.401517419366	-1.266000000000
4030.000000000000	835999.999999999999	-3839.381285402456	1224.765832843724	-1.262000000000
3950.000000000000	836999.999999999999	-3767.936973103810	1185.390638868595	-1.266000000000
3960.000000000000	837999.999999999999	-3772.692280445094	1203.491984630558	-1.262000000000
3980.000000000000	838999.999999999999	-3796.554215937510	1194.393605746078	-1.266000000000
4030.000000000000	839999.999999999999	-3843.038300186717	1213.242194822611	-1.265000000000
4030.000000000000	840999.999999999999	-3843.038300186717	1213.242194822611	-1.265000000000
4020.000000000000	841999.999999999999	-3833.502225000150	1210.231668284590	-1.265000000000
4030.000000000000	842999.999999999999	-3840.604131340689	1220.925839815354	-1.263000000000
4020.000000000000	843999.999999999999	-3833.502225000150	1210.231668284590	-1.265000000000
4020.000000000000	844999.999999999999	-3831.074096275328	1217.896247160725	-1.263000000000
4010.000000000000	845999.999999999999	-3821.544061209966	1214.866654506096	-1.263000000000
4010.000000000000	846999.999999999999	-3821.544061209966	1214.866654506096	-1.263000000000
4000.000000000000	847999.999999999999	-3812.014026144605	1211.837061851468	-1.263000000000
4000.000000000000	848999.999999999999	-3812.014026144605	1211.837061851468	-1.263000000000
4000.000000000000	849999.999999999998	-3810.800283277872	1215.648469323796	-1.262000000000
3990.000000000000	850999.999999999998	-3801.273282569678	1212.609348150486	-1.262000000000
3990.000000000000	851999.999999999998	-3801.273282569678	1212.609348150486	-1.262000000000
3980.000000000000	852999.999999999998	-3791.746281861483	1209.570226977177	-1.262000000000
3980.000000000000	853999.999999999998	-3791.746281861483	1209.570226977177	-1.262000000000
3980.000000000000	854999.999999999998	-3790.534815963118	1213.361367842018	-1.261000000000
3970.000000000000	855999.999999999998	-3781.010859139090	1210.312721189149	-1.261000000000
3970.000000000000	856999.999999999998	-3781.010859139090	1210.312721189149	-1.261000000000
3970.000000000000	857999.999999999998	-3779.798656114348	1214.093126261809	-1.260000000000
3960.000000000000	858999.999999999998	-3770.277752698442	1211.034957178026	-1.260000000000
3960.000000000000	859999.999999999998	-3770.277752698442	1211.034957178026	-1.260000000000
3960.000000000000	860999.999999999998	-3770.277752698442	1211.034957178026	-1.260000000000
3950.000000000000	861999.999999999998	-3759.546992317505	1211.736940328389	-1.259000000000
3950.000000000000	862999.999999999998	-3760.756849282537	1207.976788094243	-1.260000000000
3940.000000000000	863999.999999999998	-3750.029151830625	1208.669251871862	-1.259000000000
3940.000000000000	864999.999999999998	-3750.029151830625	1208.669251871862	-1.259000000000
3940.000000000000	865999.999999999998	-3748.818607765778	1212.418676064111	-1.258000000000
3930.000000000000	866999.999999999998	-3739.303839725763	1209.341471302527	-1.258000000000
3930.000000000000	867999.999999999998	-3739.303839725763	1209.341471302527	-1.258000000000
3920.000000000000	868999.999999999998	-3728.580942725871	1209.993451858915	-1.257000000000
3920.000000000000	869999.999999999998	-3728.580942725871	1209.993451858915	-1.257000000000
3910.000000000000	870999.999999999998	-3719.069256647489	1206.906733869479	-1.257000000000
3860.000000000000	871999.999999999998	-3664.295943288389	1213.480630253430	-1.251000000000
3680.000000000000	872999.999999999998	-3510.381787600512	1104.363936971248	-1.266000000000
3610.000000000000	873999.999999999998	-3459.470568159883	1031.582952571212	-1.281000000000
3580.000000000000	874999.999999999998	-3436.797777082773	1002.407621399055	-1.287000000000
3560.000000000000	875999.999999999998	-3422.539086745244	979.707201004988	-1.292000000000
3550.000000000000	876999.999999999998	-3416.805719977868	963.295734406898	-1.296000000000
3530.000000000000	877999.999999999998	-3399.465051333108	951.071692757592	-1.298000000000
3530.000000000000	878999.999999999998	-3401.360394522691	944.270865044793	-1.300000000000
3520.000000000000	879999.999999999998	-3391.724812668519	941.595876758547	-1.300000000000
3520.000000000000	880999.999999999998	-3392.664712526080	938.203681713268	-1.301000000000
3510.000000000000	881999.999999999998	-3384.890769864498	928.770410858424	-1.303000000000
3500.000000000000	882999.999999999998	-3376.171642981086	922.748631605810	-1.304000000000
3500.000000000000	883999.999999999998	-3376.171642981086	922.748631605810	-1.304000000000
3490.000000000000	884999.999999999998	-3366.525438286854	920.112206944080	-1.304000000000
3490.000000000000	885999.999999999998	-3366.525438286854	920.112206944080	-1.304000000000
3480.000000000000	886999.999999999998	-3355.960079523776	920.832202218609	-1.303000000000
3480.000000000000	887999.999999999998	-3355.960079523776	920.832202218609	-1.303000000000
3480.000000000000	888999.999999999998	-3354.111704429193	927.542276239253	-1.301000000000
3480.000000000000	889999.999999999998	-3353.182485251832	930.895923613564	-1.300000000000
3480.000000000000	890999.999999999998	-3353.182485251832	930.895923613564	-1.300000000000
3470.000000000000	891999.999999999998	-3342.617010843723	931.564017563029	-1.299000000000
3470.000000000000	892999.999999999998	-3342.617010843723	931.564017563029	-1.299000000000
3470.000000000000	893999.999999999998	-3340.747198818889	938.247384000481	-1.297000000000
3470.000000000000	894999.999999999998	-3339.807281217803	941.587661518855	-1.296000000000
3470.000000000000	895999.999999999998	-3340.747198818889	938.247384000481	-1.297000000000
3460.000000000000	896999.999999999998	-3330.182476372795	938.874152407850	-1.296000000000
3460.000000000000	897999.999999999998	-3329.241937285767	942.203864892156	-1.295000000000
3460.000000000000	898999.999999999998	-3329.241937285767	942.203864892156	-1.295000000000
3460.000000000000	899999.999999999998	-3327.350872330599	948.860459920637	-1.293000000000
3460.000000000000	900999.999999999998	-3325.446497976378	955.513259508544	-1.291000000000
3460.000000000000	901999.999999999998	-3324.489322153011	958.838227695689	-1.290000000000
3460.000000000000	902999.999999999998	-3322.564997999643	965.485284231528	-1.288000000000
3460.000000000000	903999.999999999998	-3319.653594960353	975.448619593471	-1.285000000000
3470.000000000000	904999.999999999998	-3327.284776652385	984.924370222045	-1.283000000000
3470.000000000000	905999.999999999998	-3323.318471434625	998.225594453190	-1.279000000000
3490.000000000000	906999.999999999998	-3335.363358503152	1027.351578941979	-1.272000000000
3530.000000000000	907999.999999999998	-3366.234540858341	1062.715867921543	-1.265000000000
3580.000000000000	908999.999999999998	-3405.183616060872	1105.045040218091	-1.257000000000
3640.000000000000	909999.999999999998	-3457.731785130305	1137.405337643354	-1.253000000000
3660.000000000000	910999.999999999998	-3473.283706841446	1154.079846366683	-1.250000000000
3570.000000000000	911999.999999999998	-3392.350779462390	1112.140363929354	-1.254000000000
3510.000000000000	912999.999999999998	-3345.042307941891	1063.387021774663	-1.263000000000
3480.000000000000	913999.999999999998	-3322.718258293441	1034.380672674910	-1.269000000000
3460.000000000000	914999.999999999998	-3305.672439648159	1021.826659346188	-1.271000000000
3450.000000000000	915999.999999999998	-3298.149626272545	1012.279132807880	-1.273000000000
3440.000000000000	916999.999999999998	-3289.597472810769	1006.055896497306	-1.274000000000
3440.000000000000	917999.999999999998	-3289.597472810769	1006.055896497306	-1.274000000000
3440.000000000000	918999.999999999998	-3288.589772283349	1009.344990393944	-1.273000000000
3440.000000000000	919999.999999999998	-3287.578783166430	1012.633074945676	-1.272000000000
3450.000000000000	920999.999999999998	-3294.074135377119	1025.463597910471	-1.269000000000
3460.000000000000	921999.999999999998	-3298.438722802950	1044.941142798984	-1.264000000000
3500.000000000000	922999.999999999998	-3328.008111772645	1083.679845699585	-1.256000000000
3570.000000000000	923999.999999999998	-3386.747696515904	1129.088145427193	-1.249000000000
3620.000000000000	924999.999999999998	-3428.413725796443	1162.058227788328	-1.244000000000
3650.000000000000	925999.999999999998	-3455.652577480105	1175.144784167085	-1.243000000000
3680.000000000000	926999.999999999998	-3485.238262688097	1181.318861398080	-1.244000000000
3680.000000000000	927999.999999999998	-3482.868656066190	1188.286970639537	-1.242000000000
3680.000000000000	928999.999999999998	-3482.868656066190	1188.286970639537	-1.242000000000
3680.000000000000	929999.999999999998	-3482.868656066190	1188.286970639537	-1.242000000000
3670.000000000000	930999.999999999998	-3473.404339066010	1185.057929958451	-1.242000000000
3670.000000000000	931999.999999999998	-3472.217544631537	1188.530741189701	-1.241000000000
3670.000000000000	932999.999999999998	-3472.217544631537	1188.530741189701	-1.241000000000
3670.000000000000	933999.999999999998	-3472.217544631537	1188.530741189701	-1.241000000000
3660.000000000000	934999.999999999998	-3462.756461403658	1185.292237807713	-1.241000000000
3660.000000000000	935999.999999999998	-3461.569437985313	1188.754401045921	-1.240000000000
3650.000000000000	936999.999999999998	-3452.111597990817	1185.506438201533	-1.240000000000
3640.000000000000	937999.999999999998	-3441.469778391272	1185.700537412177	-1.239000000000
3590.000000000000	938999.999999999998	-3393.025731529413	1172.807053687558	-1.238000000000
3490.000000000000	939999.999999999998	-3309.748749018342	1107.096752037293	-1.248000000000
3430.000000000000	940999.999999999998	-3259.317415561904	1068.527016324281	-1.254000000000
3420.000000000000	941999.999999999998	-3252.996638806755	1055.657552387115	-1.257000000000
3390.000000000000	942999.999999999998	-3227.586257991848	1036.719319402401	-1.260000000000
3390.000000000000	943999.999999999998	-3227.586257991848	1036.719319402401	-1.260000000000
3380.000000000000	944999.999999999998	-3218.065354575943	1033.661150318618	-1.260000000000
3380.000000000000	945999.999999999998	-3218.065354575943	1033.661150318618	-1.260000000000
3400.000000000000	946999.999999999998	-3231.867831872109	1055.949959662046	-1.255000000000
3430.000000000000	947999.999999999998	-3251.757934580998	1091.315873104356	-1.247000000000
3520.000000000000	948999.999999999998	-3331.439584063312	1136.622319742166	-1.242000000000
3610.000000000000	949999.999999999998	-3409.562877966867	1186.162291252886	-1.236000000000
3610.000000000000	950999.999999999998	-3410.747335279129	1182.752135862083	-1.237000000000
3610.000000000000	951999.999999999998	-3409.562877966867	1186.162291252886	-1.236000000000
3600.000000000000	952999.999999999998	-3400.118105451723	1182.876523133072	-1.236000000000
3600.000000000000	953999.999999999998	-3400.118105451723	1182.876523133072	-1.236000000000
3600.000000000000	954999.999999999998	-3398.933529066825	1186.276049233624	-1.235000000000
3590.000000000000	955999.999999999998	-3389.492047041640	1182.980837985753	-1.235000000000
3590.000000000000	956999.999999999998	-3389.492047041640	1182.980837985753	-1.235000000000
3580.000000000000	957999.999999999998	-3380.050565016454	1179.685626737882	-1.235000000000
3580.000000000000	958999.999999999998	-3378.869189561189	1183.065086896793	-1.234000000000
3570.000000000000	959999.999999999998	-3369.431007467442	1179.760435816076	-1.234000000000
3570.000000000000	960999.999999999998	-3369.431007467442	1179.760435816076	-1.234000000000
3560.000000000000	961999.999999999998	-3359.992825373696	1176.455784735358	-1.234000000000
3500.000000000000	962999.999999999998	-3305.670380300287	1150.018841934931	-1.236000000000
3440.000000000000	963999.999999999998	-3252.378032325818	1120.552156235684	-1.239000000000
3390.000000000000	964999.999999999998	-3207.307214250930	1097.852646494029	-1.241000000000
3360.000000000000	965999.999999999998	-3185.395527752814	1069.044120592022	-1.247000000000
3350.000000000000	966999.999999999998	-3178.040555554140	1059.508483804228	-1.249000000000
3330.000000000000	967999.999999999998	-3160.118782454102	1050.023466776245	-1.250000000000
3330.000000000000	968999.999999999998	-3161.167225686615	1046.862823508788	-1.251000000000
3320.000000000000	969999.999999999998	-3151.674231014883	1043.719091306059	-1.251000000000
3320.000000000000	970999.999999999998	-3151.674231014883	1043.719091306059	-1.251000000000
3320.000000000000	971999.999999999998	-3150.628936260546	1046.870243152292	-1.250000000000
3310.000000000000	972999.999999999998	-3141.139090066990	1043.717019528339	-1.250000000000
3310.000000000000	973999.999999999998	-3140.093802652001	1046.857636236417	-1.249000000000
3320.000000000000	974999.999999999998	-3146.416261456661	1059.464350339874	-1.246000000000
3330.000000000000	975999.999999999998	-3154.829185593197	1065.810869586799	-1.245000000000
3340.000000000000	976999.999999999998	-3160.001798111535	1081.660129584087	-1.241000000000
3370.000000000000	977999.999999999998	-3183.994049831209	1104.120414918343	-1.237000000000
3420.000000000000	978999.999999999998	-3226.726471651004	1133.417962248113	-1.233000000000
3460.000000000000	979999.999999999998	-3259.853161835075	1159.722968330741	-1.229000000000
3500.000000000000	980999.999999999998	-3296.364546811431	1176.427122487691	-1.228000000000
3500.000000000000	981999.999999999998	-3296.364546811431	1176.427122487691	-1.228000000000
3500.000000000000	982999.999999999998	-3296.364546811431	1176.427122487691	-1.228000000000
3490.000000000000	983999.999999999998	-3286.946362391970	1173.065902137726	-1.228000000000
3480.000000000000	984999.999999999998	-3277.528177972509	1169.704681787761	-1.228000000000
3480.000000000000	985999.999999999998	-3277.528177972509	1169.704681787761	-1.228000000000
3460.000000000000	986999.999999999998	-3257.527197740560	1166.240350862777	-1.227000000000
3460.000000000000	987999.999999999998	-3256.359328820608	1169.497294397470	-1.226000000000
3470.000000000000	988999.999999999998	-3264.596261933336	1176.142528170327	-1.225000000000
3470.000000000000	989999.999999999998	-3265.770771967488	1172.877344381278	-1.226000000000
3460.000000000000	990999.999999999998	-3256.359328820608	1169.497294397470	-1.226000000000
3460.000000000000	991999.999999999998	-3255.188203541598	1172.753068434966	-1.225000000000
3460.000000000000	992999.999999999998	-3255.188203541598	1172.753068434966	-1.225000000000
3460.000000000000	993999.999999999998	-3255.188203541598	1172.753068434966	-1.225000000000
3460.000000000000	994999.999999999998	-3254.013823074655	1176.007669719491	-1.224000000000
3450.000000000000	995999.999999999998	-3245.780145149859	1169.363608699604	-1.225000000000
3450.000000000000	996999.999999999998	-3244.609158846115	1172.608803622036	-1.224000000000
3300.000000000000	997999.999999999998	-3110.213046374602	1102.984499510859	-1.230000000000
3220.000000000000	998999.999999999998	-3053.693688206034	1021.447433111772	-1.248000000000
3200.000000000000	1000000.000000000000	-3038.762770212291	1002.956044087538	-1.252000000000
