2000000.000000000000	1000.000000000000	-1818594.853651363400	-832293.673094284836	-2.000000000000
869999.999999999998	2000.000000000000	-860127.033680996158	130696.158823166683	-1.420000000000
599999.999999999999	3000.000000000000	-590220.488886765902	107887.786603799744	-1.390000000000
469999.999999999999	4000.000000000000	-461471.159275009063	89131.190709982198	-1.380000000000
379999.999999999999	5000.000000000000	-371588.548925420152	79510.693038739322	-1.360000000000
319999.999999999999	6000.000000000000	-312916.672779301181	66956.373085254163	-1.360000000000
280000.000000000000	7000.000000000000	-273802.088681888533	58586.826449597393	-1.360000000000
250000.000000000000	8000.000000000000	-244466.150608829077	52309.666472854813	-1.360000000000
230000.000000000000	9000.000000000000	-225378.854121681273	45873.435829441754	-1.370000000000
200000.000000000000	10000.000000000000	-195981.612279722845	39889.944199514568	-1.370000000000
190000.000000000000	11000.000000000000	-185794.274462710076	39755.346519369661	-1.360000000000
180000.000000000000	12000.000000000000	-176015.628438356914	37662.959860455470	-1.360000000000
160000.000000000000	13000.000000000000	-156458.336389650590	33478.186542627081	-1.360000000000
160000.000000000000	14000.000000000000	-156785.289823778264	31911.955359611657	-1.370000000000
150000.000000000000	15000.000000000000	-146679.690365297429	31385.799883712891	-1.360000000000
140000.000000000000	16000.000000000000	-137187.128595805989	27922.960939660199	-1.370000000000
130000.000000000000	17000.000000000000	-127122.398316591119	27201.026565884505	-1.360000000000
130000.000000000000	18000.000000000000	-127388.047981819851	25928.463729684470	-1.370000000000
120000.000000000000	19000.000000000000	-117588.967367833698	23933.966519708742	-1.370000000000
110000.000000000000	20000.000000000000	-107789.886753847560	21939.469309733013	-1.370000000000
109300.000000000000	21000.000000000000	-107232.821587768994	21156.842257900927	-1.376000000000
108400.000000000000	22000.000000000000	-106000.522903988283	22681.471382629847	-1.360000000000
103800.000000000000	23000.000000000000	-101755.659078805678	20499.410855872680	-1.372000000000
98000.000000000000	24000.000000000000	-96276.967300179109	18296.053330711627	-1.383000000000
94200.000000000000	25000.000000000000	-92630.554683641429	17123.677730000505	-1.388000000000
91100.000000000000	26000.000000000000	-89429.535616645531	17365.717934802677	-1.379000000000
89400.000000000000	27000.000000000000	-87942.852844128123	16075.280203966164	-1.390000000000
85600.000000000000	28000.000000000000	-84204.789747845279	15391.990888808765	-1.390000000000
83700.000000000000	29000.000000000000	-82274.898290128476	15379.567983172183	-1.386000000000
80700.000000000000	30000.000000000000	-79484.286360695085	13954.863730292089	-1.397000000000
78200.000000000000	31000.000000000000	-76751.132707035795	14983.445137450190	-1.378000000000
76800.000000000000	32000.000000000000	-75561.994437781584	13734.081570482454	-1.391000000000
75000.000000000000	33000.000000000000	-73777.561110845738	13485.973325474968	-1.390000000000
72400.000000000000	34000.000000000000	-71245.833454315027	12875.993763589906	-1.392000000000
70600.000000000000	35000.000000000000	-69291.943339088582	13527.253538414110	-1.378000000000
69400.000000000000	36000.000000000000	-68293.658034937325	12342.458110402480	-1.392000000000
67600.000000000000	37000.000000000000	-66569.909823833819	11756.151838362466	-1.396000000000
65700.000000000000	38000.000000000000	-64652.641684371505	11684.430804804653	-1.392000000000
64400.000000000000	39000.000000000000	-63327.045877139149	11706.633182717967	-1.388000000000
62400.000000000000	40000.000000000000	-61394.120480697536	11158.941276016994	-1.391000000000
61500.000000000000	41000.000000000000	-60541.350005288266	10816.419903886059	-1.394000000000
60300.000000000000	42000.000000000000	-59522.136091135180	9654.289986756325	-1.410000000000
59100.000000000000	43000.000000000000	-58269.952091392333	9870.292967629770	-1.403000000000
57800.000000000000	44000.000000000000	-56949.141814615898	9881.054932484072	-1.399000000000
56700.000000000000	45000.000000000000	-55865.334617451925	9693.007174253406	-1.399000000000
55500.000000000000	46000.000000000000	-54654.289870159424	9651.870222324214	-1.396000000000
54500.000000000000	47000.000000000000	-53707.010284371077	9263.209288063137	-1.400000000000
53600.000000000000	48000.000000000000	-52847.198512667157	8951.737784517016	-1.403000000000
52700.000000000000	49000.000000000000	-51933.200770391850	8957.268430842703	-1.400000000000
51600.000000000000	50000.000000000000	-50849.206067404542	8770.304573652438	-1.400000000000
50600.000000000000	51000.000000000000	-49922.736550738111	8251.083279521368	-1.407000000000
49900.000000000000	52000.000000000000	-49272.174927674787	7890.676643774977	-1.412000000000
49100.000000000000	53000.000000000000	-48442.813530459316	8006.485949100775	-1.407000000000
48200.000000000000	54000.000000000000	-47539.045163982235	7954.821487428673	-1.405000000000
47400.000000000000	55000.000000000000	-46757.814783675159	7776.037336299823	-1.406000000000
46700.000000000000	56000.000000000000	-46082.528789498050	7569.051483844179	-1.408000000000
45800.000000000000	57000.000000000000	-45156.747982838729	7649.059524829839	-1.403000000000
45100.000000000000	58000.000000000000	-44481.554707377574	7443.204337822264	-1.405000000000
44700.000000000000	59000.000000000000	-44079.640578240884	7421.272565611631	-1.404000000000
43700.000000000000	60000.000000000000	-42987.725607252789	7857.827124310082	-1.390000000000
42000.000000000000	61000.000000000000	-41497.804041578616	6475.512313843669	-1.416000000000
42700.000000000000	62000.000000000000	-42100.286874829995	7131.328421620832	-1.403000000000
42900.000000000000	63000.000000000000	-42268.480689394841	7333.862570995963	-1.399000000000
41300.000000000000	64000.000000000000	-40699.073848523403	7019.643001779955	-1.400000000000
42700.000000000000	65000.000000000000	-42169.493973695396	6709.976006102223	-1.413000000000
39600.000000000000	66000.000000000000	-39132.586872260756	6066.353491593214	-1.417000000000
38700.000000000000	67000.000000000000	-38089.926477221408	6844.523428250333	-1.393000000000
39600.000000000000	68000.000000000000	-39156.539161241846	5909.775030754871	-1.421000000000
38800.000000000000	69000.000000000000	-38293.252723344041	6250.343659840154	-1.409000000000
38600.000000000000	70000.000000000000	-38167.737667271089	5760.538287553991	-1.421000000000
38300.000000000000	71000.000000000000	-37716.383820308212	6660.659991261576	-1.396000000000
36400.000000000000	72000.000000000000	-35986.924167802601	5468.207104785364	-1.420000000000
36400.000000000000	73000.000000000000	-35793.547669687345	6616.792668492764	-1.388000000000
36100.000000000000	74000.000000000000	-35562.392483600306	6206.951010147271	-1.398000000000
35800.000000000000	75000.000000000000	-35266.860136091163	6155.369699813637	-1.398000000000
35200.000000000000	76000.000000000000	-34789.896585288428	5357.527002725833	-1.418000000000
34900.000000000000	77000.000000000000	-34432.875605153364	5690.964554452486	-1.407000000000
34700.000000000000	78000.000000000000	-34311.411840785149	5178.514989070557	-1.421000000000
34500.000000000000	79000.000000000000	-34113.651541990999	5148.667640430381	-1.421000000000
33800.000000000000	80000.000000000000	-33421.490496211474	5044.201920189764	-1.421000000000
33300.000000000000	81000.000000000000	-32946.704614044836	4837.835784199049	-1.425000000000
33100.000000000000	82000.000000000000	-32719.384525981281	5005.184935741808	-1.419000000000
32600.000000000000	83000.000000000000	-32258.851255462476	4703.883042545495	-1.426000000000
32300.000000000000	84000.000000000000	-31938.288255255342	4820.346805388443	-1.421000000000
31800.000000000000	85000.000000000000	-31439.126058684687	4777.169943191609	-1.420000000000
31800.000000000000	86000.000000000000	-31404.915886733343	4997.124988151070	-1.413000000000
31300.000000000000	87000.000000000000	-30949.486761284588	4671.110062187563	-1.421000000000
30900.000000000000	88000.000000000000	-30572.167344564124	4489.162934887406	-1.425000000000
30500.000000000000	89000.000000000000	-30193.893877925660	4310.310022325909	-1.429000000000
30300.000000000000	90000.000000000000	-29982.920031917576	4372.013993531549	-1.426000000000
30200.000000000000	91000.000000000000	-29861.805117916760	4506.949644666594	-1.421000000000
30000.000000000000	92000.000000000000	-29690.373320518491	4299.038507415808	-1.427000000000
29400.000000000000	93000.000000000000	-29092.338248791311	4242.152191743483	-1.426000000000
29400.000000000000	94000.000000000000	-29117.267348707075	4067.522851062651	-1.432000000000
29100.000000000000	95000.000000000000	-28765.380353657259	4400.328750153674	-1.419000000000
28500.000000000000	96000.000000000000	-28201.756465665047	4112.290389955418	-1.426000000000
28200.000000000000	97000.000000000000	-27924.891991660599	3929.428362254477	-1.431000000000
28000.000000000000	98000.000000000000	-27726.843112287119	3901.560075997354	-1.431000000000
27700.000000000000	99000.000000000000	-27421.995423558714	3914.609430112383	-1.429000000000
27400.000000000000	100000.000000000000	-27132.696474166678	3817.955217225981	-1.431000000000
27100.000000000000	101000.000000000000	-26835.623155106459	3776.152787840296	-1.431000000000
27000.000000000000	102000.000000000000	-26729.020809966980	3815.684282059001	-1.429000000000
26800.000000000000	103000.000000000000	-26527.227378390751	3813.949083975322	-1.428000000000
26500.000000000000	104000.000000000000	-26234.038943115738	3745.023462020872	-1.429000000000
26100.000000000000	105000.000000000000	-25838.053449634746	3688.494805990368	-1.429000000000
26000.000000000000	106000.000000000000	-25727.918179203203	3751.563162766346	-1.426000000000
25800.000000000000	107000.000000000000	-25530.011116286256	3722.704984591220	-1.426000000000
25500.000000000000	108000.000000000000	-25236.817322440715	3654.182731303437	-1.427000000000
25400.000000000000	109000.000000000000	-25141.476694444966	3614.712937797507	-1.428000000000
25100.000000000000	110000.000000000000	-24840.945678167136	3596.862217871226	-1.427000000000
24900.000000000000	111000.000000000000	-24646.565735892898	3543.557171305430	-1.428000000000
24700.000000000000	112000.000000000000	-24452.104222451275	3490.644509883605	-1.429000000000
24400.000000000000	113000.000000000000	-24158.551272227138	3424.091182660376	-1.430000000000
24200.000000000000	114000.000000000000	-23963.914404191008	3372.062637111998	-1.431000000000
24100.000000000000	115000.000000000000	-23868.236159994576	3334.261928932309	-1.432000000000
23900.000000000000	116000.000000000000	-23673.454267439502	3282.919896593638	-1.433000000000
23600.000000000000	117000.000000000000	-23369.767766070570	3288.457778340627	-1.431000000000
23300.000000000000	118000.000000000000	-23059.523278936027	3338.919907426277	-1.427000000000
23300.000000000000	119000.000000000000	-23066.154995267800	3292.794213776842	-1.429000000000
23000.000000000000	120000.000000000000	-22791.360631109306	3090.935227842985	-1.436000000000
22900.000000000000	121000.000000000000	-22689.178916801095	3100.187104254968	-1.435000000000
23000.000000000000	122000.000000000000	-22769.165875157058	3250.397721753964	-1.429000000000
22600.000000000000	123000.000000000000	-22382.661295264621	3126.735252857684	-1.432000000000
22800.000000000000	124000.000000000000	-22593.174886490964	3064.057530209568	-1.436000000000
22100.000000000000	125000.000000000000	-21868.730452322721	3188.828688351394	-1.426000000000
22100.000000000000	126000.000000000000	-21899.524780326770	2969.985588492608	-1.436000000000
21900.000000000000	127000.000000000000	-21701.339035708428	2943.107890859190	-1.436000000000
21600.000000000000	128000.000000000000	-21395.255739610595	2966.990366795923	-1.433000000000
21700.000000000000	129000.000000000000	-21500.226309807149	2937.731884818027	-1.435000000000
21500.000000000000	130000.000000000000	-21299.146235412139	2931.956623575616	-1.434000000000
21400.000000000000	131000.000000000000	-21205.874674162573	2875.913646775647	-1.436000000000
21300.000000000000	132000.000000000000	-21083.206834318022	3031.235652562476	-1.428000000000
20900.000000000000	133000.000000000000	-20707.591238477853	2829.428405193399	-1.435000000000
20900.000000000000	134000.000000000000	-20693.185311047015	2932.930562196798	-1.430000000000
20700.000000000000	135000.000000000000	-20509.432470645530	2802.352535287242	-1.435000000000
20600.000000000000	136000.000000000000	-20407.554067418143	2809.223555611986	-1.434000000000
20400.000000000000	137000.000000000000	-20203.818160327359	2822.362794614901	-1.432000000000
20300.000000000000	138000.000000000000	-20110.356678086810	2768.312532957443	-1.434000000000
20100.000000000000	139000.000000000000	-19912.225085199254	2741.038517854414	-1.434000000000
20000.000000000000	140000.000000000000	-19818.574461834181	2687.769763341726	-1.436000000000
19900.000000000000	141000.000000000000	-19716.797399316234	2694.049055662615	-1.435000000000
19700.000000000000	142000.000000000000	-19523.933537035209	2627.930600573743	-1.437000000000
19600.000000000000	143000.000000000000	-19419.559247567748	2653.435250803379	-1.435000000000
19500.000000000000	144000.000000000000	-19325.721013816579	2601.251102090761	-1.437000000000
19400.000000000000	145000.000000000000	-19231.752118245724	2549.452973159356	-1.439000000000
19300.000000000000	146000.000000000000	-19130.073498019006	2555.442811019406	-1.438000000000
19100.000000000000	147000.000000000000	-18931.834394412592	2528.961538366355	-1.438000000000
19000.000000000000	148000.000000000000	-18835.221146735505	2496.886932475658	-1.439000000000
18900.000000000000	149000.000000000000	-18731.083444160682	2521.212606641814	-1.437000000000
18800.000000000000	150000.000000000000	-18636.955660980391	2470.603912133809	-1.439000000000
18700.000000000000	151000.000000000000	-18540.271111184535	2438.923353403321	-1.440000000000
18500.000000000000	152000.000000000000	-18341.979441546198	2412.838611655693	-1.440000000000
18400.000000000000	153000.000000000000	-18240.424689470172	2418.037871450111	-1.439000000000
18300.000000000000	154000.000000000000	-18141.291946592617	2404.896361279186	-1.439000000000
18200.000000000000	155000.000000000000	-18046.906625921893	2355.665773248931	-1.441000000000
18100.000000000000	156000.000000000000	-17943.026460837507	2378.613340937337	-1.439000000000
18000.000000000000	157000.000000000000	-17846.250267450356	2347.626757286620	-1.440000000000
17900.000000000000	158000.000000000000	-17749.430143077028	2316.836117645927	-1.441000000000
17800.000000000000	159000.000000000000	-17647.958597812019	2321.542015538991	-1.440000000000
17700.000000000000	160000.000000000000	-17551.112487847116	2290.949680577257	-1.441000000000
17500.000000000000	161000.000000000000	-17355.051219086508	2247.709319036578	-1.442000000000
17400.000000000000	162000.000000000000	-17255.879497834587	2234.865265784940	-1.442000000000
17300.000000000000	163000.000000000000	-17152.229423716177	2256.330161169918	-1.440000000000
17200.000000000000	164000.000000000000	-17055.318349772340	2226.233587905583	-1.441000000000
17200.000000000000	165000.000000000000	-17055.318349772340	2226.233587905583	-1.441000000000
17100.000000000000	166000.000000000000	-16958.364334078818	2196.333106030027	-1.442000000000
17000.000000000000	167000.000000000000	-16857.000694542428	2200.347150836913	-1.441000000000
16900.000000000000	168000.000000000000	-16757.841866927472	2187.403932302579	-1.441000000000
16800.000000000000	169000.000000000000	-16658.683039312516	2174.460713768244	-1.441000000000
16700.000000000000	170000.000000000000	-16559.524211697561	2161.517495233909	-1.441000000000
16600.000000000000	171000.000000000000	-16462.505727819203	2132.112839771839	-1.442000000000
16500.000000000000	172000.000000000000	-16363.334006567280	2119.268786520201	-1.442000000000
16400.000000000000	173000.000000000000	-16264.162285315357	2106.424733268564	-1.442000000000
16300.000000000000	174000.000000000000	-16164.990564063433	2093.580680016927	-1.442000000000
16200.000000000000	175000.000000000000	-16065.818842811510	2080.736626765289	-1.442000000000
16100.000000000000	176000.000000000000	-15966.647121559588	2067.892573513651	-1.442000000000
16100.000000000000	177000.000000000000	-15966.647121559588	2067.892573513651	-1.442000000000
16000.000000000000	178000.000000000000	-15865.412418392872	2070.914965493566	-1.441000000000
15900.000000000000	179000.000000000000	-15772.356548669977	2010.663796269092	-1.444000000000
15800.000000000000	180000.000000000000	-15671.153483314027	2013.690269732333	-1.443000000000
15700.000000000000	181000.000000000000	-15569.960236551897	2016.516360507101	-1.442000000000
15600.000000000000	182000.000000000000	-15472.784451879672	1988.200519482556	-1.443000000000
15500.000000000000	183000.000000000000	-15375.567704678280	1960.081059256034	-1.444000000000
15500.000000000000	184000.000000000000	-15371.616794048050	1990.828254003826	-1.442000000000
15400.000000000000	185000.000000000000	-15270.459452703140	1993.255654287557	-1.441000000000
15300.000000000000	186000.000000000000	-15169.312727332803	1995.482743693627	-1.440000000000
15300.000000000000	187000.000000000000	-15169.312727332803	1995.482743693627	-1.440000000000
15200.000000000000	188000.000000000000	-15074.101630292282	1952.296094248913	-1.442000000000
15100.000000000000	189000.000000000000	-14978.778860686583	1909.498322242975	-1.444000000000
15000.000000000000	190000.000000000000	-14877.677357576607	1911.731268733227	-1.443000000000
14900.000000000000	191000.000000000000	-14774.665314628362	1928.539561615883	-1.441000000000
14800.000000000000	192000.000000000000	-14675.506487013408	1915.596343081548	-1.441000000000
14800.000000000000	193000.000000000000	-14675.506487013408	1915.596343081548	-1.441000000000
14700.000000000000	194000.000000000000	-14574.437718417790	1917.228518450740	-1.440000000000
14700.000000000000	195000.000000000000	-14574.437718417790	1917.228518450740	-1.440000000000
14600.000000000000	196000.000000000000	-14479.071302780745	1875.231774739088	-1.442000000000
14500.000000000000	197000.000000000000	-14376.146048779454	1891.143776703110	-1.440000000000
14400.000000000000	198000.000000000000	-14284.398383701113	1820.978532470122	-1.444000000000
14400.000000000000	199000.000000000000	-14278.871176553586	1863.823468944209	-1.441000000000
14300.000000000000	200000.000000000000	-14183.385747556365	1822.517142859010	-1.443000000000
14200.000000000000	201000.000000000000	-14080.553521323674	1837.937031875540	-1.441000000000
14200.000000000000	202000.000000000000	-14076.849488612850	1866.094444271281	-1.439000000000
14100.000000000000	203000.000000000000	-13981.394693708720	1824.993813341205	-1.441000000000
14000.000000000000	204000.000000000000	-13882.235866093764	1812.050594806870	-1.441000000000
14000.000000000000	205000.000000000000	-13878.584002857739	1839.811423929432	-1.439000000000
13900.000000000000	206000.000000000000	-13784.869254017283	1785.323401977624	-1.442000000000
13800.000000000000	207000.000000000000	-13678.498148842607	1827.207813060508	-1.438000000000
13800.000000000000	208000.000000000000	-13680.318517102629	1813.528403587583	-1.439000000000
13700.000000000000	209000.000000000000	-13577.557840476262	1827.545646084278	-1.437000000000
13700.000000000000	210000.000000000000	-13579.378597039400	1813.967176733983	-1.438000000000
13600.000000000000	211000.000000000000	-13478.451578866947	1814.205896842787	-1.437000000000
13500.000000000000	212000.000000000000	-13375.716828681867	1827.621218665593	-1.435000000000
13500.000000000000	213000.000000000000	-13372.034837256622	1854.368979247452	-1.433000000000
13400.000000000000	214000.000000000000	-13274.816723466170	1827.359011902942	-1.434000000000
13400.000000000000	215000.000000000000	-13269.274918023120	1867.175179227305	-1.431000000000
13300.000000000000	216000.000000000000	-13162.732172096530	1905.907071621008	-1.427000000000
13300.000000000000	217000.000000000000	-13155.003262422730	1958.542612670787	-1.423000000000
13300.000000000000	218000.000000000000	-13140.971279833229	2050.578899383829	-1.416000000000
13200.000000000000	219000.000000000000	-13038.070580858566	2061.241259181067	-1.414000000000
13200.000000000000	220000.000000000000	-13038.070580858566	2061.241259181067	-1.414000000000
13100.000000000000	221000.000000000000	-12935.180191433661	2071.500281231507	-1.412000000000
13100.000000000000	222000.000000000000	-12924.661043768167	2136.150019006520	-1.407000000000
13000.000000000000	223000.000000000000	-12821.734172858280	2145.491272543003	-1.405000000000
13000.000000000000	224000.000000000000	-12810.846489849982	2209.572857703134	-1.400000000000
13000.000000000000	225000.000000000000	-12806.401725396232	2235.190114457466	-1.398000000000
13200.000000000000	226000.000000000000	-12972.820838134641	2438.425619464246	-1.385000000000
13300.000000000000	227000.000000000000	-13043.283651384680	2600.529097995473	-1.374000000000
13700.000000000000	228000.000000000000	-13408.104127860433	2812.959952870283	-1.364000000000
14000.000000000000	229000.000000000000	-13713.100833699154	2819.727916803241	-1.368000000000
14000.000000000000	230000.000000000000	-13721.498295853326	2778.575987244963	-1.371000000000
13900.000000000000	231000.000000000000	-13620.722053440737	2772.351121866262	-1.370000000000
13900.000000000000	232000.000000000000	-13615.150113458447	2799.587003111790	-1.368000000000
13800.000000000000	233000.000000000000	-13519.972080244785	2765.927502557059	-1.369000000000
13700.000000000000	234000.000000000000	-13422.001268069096	2745.884549639979	-1.369000000000
13700.000000000000	235000.000000000000	-13430.178510401134	2705.606249763543	-1.372000000000
13600.000000000000	236000.000000000000	-13329.455487400373	2699.188101895106	-1.371000000000
13500.000000000000	237000.000000000000	-13226.059643717723	2705.798643805819	-1.369000000000
13400.000000000000	238000.000000000000	-13130.768022741429	2672.626261367476	-1.370000000000
13300.000000000000	239000.000000000000	-13035.423381060658	2639.647187882714	-1.371000000000
13200.000000000000	240000.000000000000	-12926.830006862319	2671.528770888294	-1.367000000000
13100.000000000000	241000.000000000000	-12826.241772583418	2664.117488256891	-1.366000000000
12800.000000000000	242000.000000000000	-12527.279769095880	2628.166963265666	-1.364000000000
12400.000000000000	243000.000000000000	-12174.983776617260	2351.546308093147	-1.380000000000
12000.000000000000	244000.000000000000	-11833.460557917015	1992.287937076948	-1.404000000000
11800.000000000000	245000.000000000000	-11658.906849776851	1819.310602460840	-1.416000000000
11800.000000000000	246000.000000000000	-11673.088096319785	1725.982124924043	-1.424000000000
11700.000000000000	247000.000000000000	-11575.869188718456	1699.780140394261	-1.425000000000
11700.000000000000	248000.000000000000	-11579.245595002210	1676.625017892165	-1.427000000000
11600.000000000000	249000.000000000000	-11481.934238407937	1650.813782616184	-1.428000000000
11600.000000000000	250000.000000000000	-11486.835003661807	1616.360602913189	-1.431000000000
11500.000000000000	251000.000000000000	-11387.810563975067	1602.426459784627	-1.431000000000
11500.000000000000	252000.000000000000	-11387.810563975067	1602.426459784627	-1.431000000000
11500.000000000000	253000.000000000000	-11389.407296262971	1591.037849905459	-1.432000000000
11400.000000000000	254000.000000000000	-11290.368971947641	1577.202738167150	-1.432000000000
11400.000000000000	255000.000000000000	-11291.940529238926	1565.911582475626	-1.433000000000
11300.000000000000	256000.000000000000	-11192.888419333321	1552.175515962682	-1.433000000000
11300.000000000000	257000.000000000000	-11192.888419333321	1552.175515962682	-1.433000000000
11200.000000000000	258000.000000000000	-11092.292323316980	1549.532514690534	-1.432000000000
11200.000000000000	259000.000000000000	-11093.836309427717	1538.439449449738	-1.433000000000
11100.000000000000	260000.000000000000	-10993.253999001650	1535.697402952225	-1.432000000000
11100.000000000000	261000.000000000000	-10996.303405259290	1513.707838218109	-1.434000000000
11100.000000000000	262000.000000000000	-10991.712805228108	1546.689887270379	-1.431000000000
11000.000000000000	263000.000000000000	-10894.215674686320	1521.862291213917	-1.432000000000
10990.000000000000	264000.000000000000	-10882.785921572693	1531.362329828961	-1.431000000000
10950.000000000000	265000.000000000000	-10843.176145697998	1525.788672577537	-1.431000000000
10910.000000000000	266000.000000000000	-10806.585190701464	1498.604856562200	-1.433000000000
10860.000000000000	267000.000000000000	-10755.562020644858	1502.493134780285	-1.432000000000
10830.000000000000	268000.000000000000	-10725.850523350258	1498.342601258793	-1.432000000000
10790.000000000000	269000.000000000000	-10686.235193624127	1492.808556563469	-1.432000000000
10750.000000000000	270000.000000000000	-10648.101814852496	1476.627150141490	-1.433000000000
10700.000000000000	271000.000000000000	-10601.494079029331	1448.559039979396	-1.435000000000
10670.000000000000	272000.000000000000	-10570.320480551047	1455.068705746597	-1.434000000000
10620.000000000000	273000.000000000000	-10520.787582329158	1448.250201970839	-1.434000000000
10590.000000000000	274000.000000000000	-10491.067843396026	1444.159099705385	-1.434000000000
10550.000000000000	275000.000000000000	-10449.997595041286	1449.155017115601	-1.433000000000
10510.000000000000	276000.000000000000	-10411.815206241003	1433.249493664174	-1.434000000000
10490.000000000000	277000.000000000000	-10390.566329097925	1440.913377207835	-1.433000000000
10450.000000000000	278000.000000000000	-10349.504890952005	1445.769176653221	-1.432000000000
10430.000000000000	279000.000000000000	-10331.135063154561	1432.671737300069	-1.433000000000
10380.000000000000	280000.000000000000	-10285.840145691940	1394.952507174356	-1.436000000000
10330.000000000000	281000.000000000000	-10232.082953248957	1418.935670787125	-1.433000000000
10510.000000000000	282000.000000000000	-10416.068095139090	1402.007645280712	-1.437000000000
10260.000000000000	283000.000000000000	-10157.027907787451	1449.960027182420	-1.429000000000
10230.000000000000	284000.000000000000	-10135.820974623370	1384.930745699927	-1.435000000000
10190.000000000000	285000.000000000000	-10098.928057989278	1359.320447707941	-1.437000000000
10150.000000000000	286000.000000000000	-10057.926539380845	1364.043154895926	-1.436000000000
10130.000000000000	287000.000000000000	-10038.107964919012	1361.355385132584	-1.436000000000
10090.000000000000	288000.000000000000	-10001.162776943616	1335.980205346415	-1.438000000000
10050.000000000000	289000.000000000000	-9960.179291736236	1340.644798769854	-1.437000000000
10020.000000000000	290000.000000000000	-9930.447413253441	1336.642873997406	-1.437000000000
9990.000000000000	291000.000000000000	-9899.377943686173	1342.540996789192	-1.436000000000
9950.000000000000	292000.000000000000	-9858.398699658117	1347.024527831307	-1.435000000000
9920.000000000000	293000.000000000000	-9832.659538878164	1313.471123591322	-1.438000000000
9890.000000000000	294000.000000000000	-9800.285071377002	1329.102147972484	-1.436000000000
9870.000000000000	295000.000000000000	-9783.099762976561	1306.850805428059	-1.438000000000
9820.000000000000	296000.000000000000	-9729.595500567106	1329.425212392305	-1.435000000000
9800.000000000000	297000.000000000000	-9712.413637712947	1307.295425666126	-1.437000000000
9760.000000000000	298000.000000000000	-9672.771133069220	1301.959525969530	-1.437000000000
9730.000000000000	298999.999999999999	-9640.424055042560	1317.241070934535	-1.435000000000
9700.000000000000	299999.999999999999	-9612.008613989577	1303.568335220737	-1.436000000000
9670.000000000000	300999.999999999999	-9580.976424692863	1309.118309962688	-1.435000000000
9650.000000000000	301999.999999999999	-9561.160547909631	1306.410722972072	-1.435000000000
9620.000000000000	302999.999999999999	-9531.436732734783	1302.349342486148	-1.435000000000
9580.000000000000	303999.999999999999	-9489.192128956922	1315.915171940044	-1.433000000000
9560.000000000000	304999.999999999999	-9470.690140025119	1303.697921924786	-1.434000000000
9520.000000000000	305999.999999999999	-9431.063821447608	1298.243118904180	-1.434000000000
9500.000000000000	306999.999999999999	-9408.640809956367	1314.335615139292	-1.432000000000
9460.000000000000	307999.999999999999	-9369.025480230235	1308.801570443969	-1.432000000000
9440.000000000000	308999.999999999999	-9346.587049582959	1324.730359193195	-1.430000000000
9400.000000000000	309999.999999999999	-9308.297330553532	1309.809454084826	-1.431000000000
9380.000000000000	310999.999999999999	-9285.859822129269	1325.596983915312	-1.429000000000
9340.000000000000	311999.999999999999	-9246.261272781170	1319.944118312262	-1.429000000000
9320.000000000000	312999.999999999999	-9225.140267410514	1326.343487412313	-1.428000000000
9300.000000000000	313999.999999999999	-9204.015729360732	1332.701937298900	-1.427000000000
9280.000000000000	314999.999999999999	-9182.887719346374	1339.019467325834	-1.426000000000
9250.000000000000	315999.999999999999	-9153.201659908831	1334.690740599565	-1.426000000000
9220.000000000000	316999.999999999999	-9122.180676921724	1339.484862772229	-1.425000000000
9200.000000000000	317999.999999999999	-9102.392866342718	1336.579255694632	-1.425000000000
9140.000000000000	318999.999999999999	-9043.029434605700	1327.862434461841	-1.425000000000
9140.000000000000	319999.999999999999	-9044.352775304511	1318.818742603246	-1.426000000000
9110.000000000000	320999.999999999999	-9013.347718737190	1323.504023845446	-1.425000000000
9080.000000000000	321999.999999999999	-8983.666002868682	1319.145613229050	-1.425000000000
9050.000000000000	322999.999999999999	-8953.984287000172	1314.787202612654	-1.425000000000
9030.000000000000	323999.999999999999	-8932.880127946411	1320.815134581704	-1.424000000000
9000.000000000000	324999.999999999999	-8904.514760552658	1307.523184918662	-1.425000000000
8970.000000000000	325999.999999999999	-8873.525442710888	1312.038954285480	-1.424000000000
8950.000000000000	326999.999999999999	-8853.740547632380	1309.113560853405	-1.424000000000
8920.000000000000	327999.999999999999	-8825.363518236634	1295.900756608274	-1.425000000000
8890.000000000000	328999.999999999999	-8798.247293980312	1273.948411030884	-1.427000000000
8870.000000000000	329999.999999999999	-8777.178240366631	1279.860202066826	-1.426000000000
8830.000000000000	330999.999999999999	-8737.596827783242	1274.088566431801	-1.426000000000
8810.000000000000	331999.999999999999	-8719.072965125597	1262.484308344442	-1.427000000000
8790.000000000000	332999.999999999999	-8699.279382911918	1259.618282672832	-1.427000000000
8770.000000000000	333999.999999999999	-8678.224708908157	1265.431112979264	-1.426000000000
8740.000000000000	334999.999999999999	-8649.795427377720	1252.453218493805	-1.427000000000
8710.000000000000	335999.999999999999	-8620.105054057201	1248.154179986390	-1.427000000000
8700.000000000000	336999.999999999999	-8608.957236887225	1255.330750617970	-1.426000000000
8660.000000000000	337999.999999999999	-8569.375824303836	1249.559114982944	-1.426000000000
8640.000000000000	338999.999999999999	-8549.585118012141	1246.673297165432	-1.426000000000
8620.000000000000	339999.999999999999	-8529.794411720446	1243.787479347919	-1.426000000000
8590.000000000000	340999.999999999999	-8500.108352282905	1239.458752621650	-1.426000000000
8570.000000000000	341999.999999999999	-8479.076833104031	1245.052632750326	-1.425000000000
8540.000000000000	342999.999999999999	-8449.395117235523	1240.694222133930	-1.425000000000
8520.000000000000	343999.999999999999	-8428.365303444456	1246.217602063800	-1.424000000000
8500.000000000000	344999.999999999999	-8408.580408365948	1243.292208631726	-1.424000000000
8470.000000000000	345999.999999999999	-8378.903065748185	1238.904118483614	-1.424000000000
8450.000000000000	346999.999999999999	-8360.349969629995	1227.618990284744	-1.425000000000
8420.000000000000	347999.999999999999	-8330.668253761487	1223.260579668348	-1.425000000000
8400.000000000000	348999.999999999999	-8309.655932973406	1228.665241471353	-1.424000000000
8370.000000000000	349999.999999999999	-8279.978590355644	1224.277151323241	-1.424000000000
8360.000000000000	350999.999999999999	-8268.859193522860	1231.083927964495	-1.423000000000
8340.000000000000	351999.999999999999	-8250.301247737882	1219.889061175129	-1.424000000000
8310.000000000000	352999.999999999999	-8219.404294040067	1223.720985811597	-1.423000000000
8290.000000000000	353999.999999999999	-8200.839010041613	1212.575577594942	-1.424000000000
8270.000000000000	354999.999999999999	-8181.054114963104	1209.650184162867	-1.424000000000
8230.000000000000	355999.999999999999	-8141.484324806088	1203.799397298718	-1.424000000000
8220.000000000000	356999.999999999999	-8131.591877266834	1202.336700582681	-1.424000000000
8190.000000000000	357999.999999999999	-8100.712535281365	1206.049924644643	-1.423000000000
8180.000000000000	358999.999999999999	-8090.821555384807	1204.577336214063	-1.423000000000
8160.000000000000	359999.999999999999	-8071.039595591690	1201.632159352904	-1.423000000000
8130.000000000000	360999.999999999999	-8042.559849413547	1189.172430138345	-1.424000000000
8110.000000000000	361999.999999999999	-8021.584696108898	1194.269217200006	-1.423000000000
8080.000000000000	362999.999999999999	-7990.717909210078	1197.842767407026	-1.422000000000
8070.000000000000	363999.999999999999	-7982.020776522664	1188.378863477688	-1.423000000000
8040.000000000000	364999.999999999999	-7951.159899758542	1191.912852716892	-1.422000000000
8030.000000000000	365999.999999999999	-7941.270397395659	1190.430374044359	-1.422000000000
8010.000000000000	366999.999999999999	-7922.674897143313	1179.543332894211	-1.423000000000
7980.000000000000	367999.999999999999	-7890.635921886615	1190.909210743027	-1.421000000000
7960.000000000000	368999.999999999999	-7870.859892007199	1187.924475879010	-1.421000000000
7950.000000000000	369999.999999999999	-7860.971877067492	1186.432108447001	-1.421000000000
7930.000000000000	370999.999999999999	-7840.008479414138	1191.287976399669	-1.420000000000
7910.000000000000	371999.999999999999	-7819.043250770754	1196.103107000535	-1.419000000000
7880.000000000000	372999.999999999999	-7790.575891271552	1183.776702904084	-1.420000000000
7870.000000000000	373999.999999999999	-7778.309264949430	1197.833452029895	-1.418000000000
7850.000000000000	374999.999999999999	-7758.542278253243	1194.789402596528	-1.418000000000
7830.000000000000	375999.999999999999	-7736.376324894300	1207.220509937998	-1.416000000000
7820.000000000000	376999.999999999999	-7725.286353592620	1213.404613060145	-1.415000000000
7800.000000000000	377999.999999999999	-7704.314434143699	1218.006198606994	-1.414000000000
7790.000000000000	378999.999999999999	-7689.509786897895	1247.212587012136	-1.410000000000
7770.000000000000	379999.999999999999	-7669.767784877617	1244.010500781039	-1.410000000000
7760.000000000000	380999.999999999999	-7657.396646820232	1257.726756201945	-1.408000000000
7750.000000000000	381999.999999999999	-7643.726141511667	1279.042874016021	-1.405000000000
7730.000000000000	382999.999999999999	-7621.433666099200	1290.987557356652	-1.403000000000
7730.000000000000	383999.999999999999	-7614.883487485606	1329.078429596632	-1.398000000000
7760.000000000000	384999.999999999999	-7636.293751456969	1380.078889578145	-1.392000000000
7760.000000000000	385999.999999999999	-7629.297932287654	1418.242948295994	-1.387000000000
7740.000000000000	386999.999999999999	-7609.634793286914	1414.587682965335	-1.387000000000
7730.000000000000	387999.999999999999	-7598.386664070407	1420.359145877192	-1.386000000000
7720.000000000000	388999.999999999999	-7585.704708535633	1433.695949251560	-1.384000000000
7730.000000000000	389999.999999999999	-7592.644455625121	1450.741248626064	-1.382000000000
7740.000000000000	390999.999999999999	-7596.595487883083	1483.016181123586	-1.378000000000
7760.000000000000	391999.999999999999	-7610.216626672565	1517.301188003374	-1.374000000000
7770.000000000000	392999.999999999999	-7615.431554198595	1542.109672920954	-1.371000000000
7800.000000000000	393999.999999999999	-7640.156178775243	1570.991267933235	-1.368000000000
7810.000000000000	394999.999999999999	-7646.789942280649	1588.302105594375	-1.366000000000
7860.000000000000	395999.999999999999	-7689.289632750151	1629.240603373560	-1.362000000000
7900.000000000000	396999.999999999999	-7733.298688176239	1614.339307410822	-1.365000000000
7990.000000000000	397999.999999999999	-7818.118457661009	1648.370037940583	-1.363000000000
8180.000000000000	398999.999999999999	-8005.714727437836	1679.562949961964	-1.364000000000
7830.000000000000	399999.999999999999	-7659.941199037365	1623.022127788165	-1.362000000000
7770.000000000000	400999.999999999999	-7604.450297333983	1595.379476919861	-1.364000000000
7670.000000000000	401999.999999999999	-7509.715602726322	1559.830620987050	-1.366000000000
7640.000000000000	402999.999999999999	-7483.435026390110	1538.765806026912	-1.368000000000
7570.000000000000	403999.999999999999	-7419.410149972119	1502.415730246026	-1.371000000000
7600.000000000000	404999.999999999999	-7442.720306981336	1538.152928693260	-1.367000000000
7590.000000000000	405999.999999999999	-7431.387408695278	1543.561201211435	-1.366000000000
7620.000000000000	406999.999999999999	-7457.646237539891	1564.580645319092	-1.364000000000
7620.000000000000	407999.999999999999	-7457.646237539891	1564.580645319092	-1.364000000000
7680.000000000000	408999.999999999999	-7511.603344389689	1599.442151674654	-1.361000000000
7740.000000000000	409999.999999999999	-7571.895897899004	1604.366701031979	-1.362000000000
7920.000000000000	410999.999999999999	-7752.876659538711	1618.426242366293	-1.365000000000
8030.000000000000	411999.999999999999	-7868.661733030872	1601.581259610510	-1.370000000000
8000.000000000000	412999.999999999999	-7839.264491188914	1595.597767980583	-1.370000000000
7980.000000000000	413999.999999999999	-7819.666329960941	1591.608773560631	-1.370000000000
7970.000000000000	414999.999999999999	-7809.867249346955	1589.614276350656	-1.370000000000
7950.000000000000	415999.999999999999	-7790.269088118983	1585.625281930704	-1.370000000000
7920.000000000000	416999.999999999999	-7760.871846277025	1579.641790300777	-1.370000000000
7900.000000000000	417999.999999999999	-7741.273685049052	1575.652795880826	-1.370000000000
7880.000000000000	418999.999999999999	-7721.675523821080	1571.663801460874	-1.370000000000
7870.000000000000	419999.999999999999	-7710.302918226555	1577.380394574207	-1.369000000000
7840.000000000000	420999.999999999999	-7682.479201365135	1563.685812620971	-1.370000000000
7830.000000000000	421999.999999999999	-7671.114593356279	1569.363213407375	-1.369000000000
7810.000000000000	422999.999999999999	-7653.081959523177	1557.702320991044	-1.370000000000
7790.000000000000	423999.999999999999	-7628.788314655869	1576.606751910592	-1.367000000000
7770.000000000000	424999.999999999999	-7610.770962703031	1564.948993825799	-1.368000000000
7750.000000000000	425999.999999999999	-7589.616102513862	1568.511210180627	-1.367000000000
7730.000000000000	426999.999999999999	-7570.029996442859	1564.463439315645	-1.367000000000
7680.000000000000	427999.999999999999	-7521.064731265350	1554.344012153189	-1.367000000000
7390.000000000000	428999.999999999999	-7227.962072270807	1539.046549593189	-1.361000000000
7290.000000000000	429999.999999999999	-7128.632951753456	1525.349874348447	-1.360000000000
7240.000000000000	430999.999999999999	-7076.695788294708	1529.044381282616	-1.358000000000
7230.000000000000	431999.999999999999	-7068.444745324830	1519.864757894528	-1.359000000000
7180.000000000000	432999.999999999999	-7021.067845485571	1502.333621100390	-1.360000000000
7180.000000000000	433999.999999999999	-7022.566668322651	1495.311803258335	-1.361000000000
7160.000000000000	434999.999999999999	-7001.510553436864	1498.148847782562	-1.360000000000
7190.000000000000	435999.999999999999	-7026.301581471077	1525.511745683083	-1.357000000000
7100.000000000000	436999.999999999999	-6945.795978692885	1471.705888543547	-1.362000000000
7070.000000000000	437999.999999999999	-6914.978599587903	1472.403126606745	-1.361000000000
7040.000000000000	438999.999999999999	-6888.554936412203	1452.381109774931	-1.363000000000
6990.000000000000	439999.999999999999	-6839.630540557003	1442.065903029371	-1.363000000000
6940.000000000000	440999.999999999999	-6796.378806638219	1404.576490148846	-1.367000000000
6900.000000000000	441999.999999999999	-6761.365623650438	1376.203074883253	-1.370000000000
6860.000000000000	442999.999999999999	-6722.169301194494	1368.225086043350	-1.370000000000
6840.000000000000	443999.999999999999	-6705.286205192975	1350.828229808951	-1.372000000000
6850.000000000000	444999.999999999999	-6712.370220580508	1366.230588833374	-1.370000000000
6840.000000000000	445999.999999999999	-6699.829264464444	1377.638496495298	-1.368000000000
6860.000000000000	446999.999999999999	-6715.244177327721	1401.818689726360	-1.365000000000
6830.000000000000	447999.999999999999	-6688.655223247701	1382.313750391443	-1.367000000000
6790.000000000000	448999.999999999999	-6650.853904344090	1367.568039649572	-1.368000000000
6760.000000000000	449999.999999999999	-6624.178495054632	1348.280113943593	-1.370000000000
6740.000000000000	450999.999999999999	-6604.580333826660	1344.291119523641	-1.370000000000
6720.000000000000	451999.999999999999	-6586.319182009596	1333.716473877582	-1.371000000000
6700.000000000000	452999.999999999999	-6569.363400543468	1316.610994789263	-1.373000000000
6670.000000000000	453999.999999999999	-6541.255786070362	1304.175119069910	-1.374000000000
6640.000000000000	454999.999999999999	-6511.834845503329	1298.309263961650	-1.374000000000
6620.000000000000	455999.999999999999	-6496.074860410111	1274.916235659328	-1.377000000000
6620.000000000000	456999.999999999999	-6493.512037493290	1287.905826887095	-1.375000000000
6600.000000000000	457999.999999999999	-6473.894176352827	1284.014872727315	-1.375000000000
6600.000000000000	458999.999999999999	-6472.606924747285	1290.488123817302	-1.374000000000
6600.000000000000	459999.999999999999	-6468.706339473711	1309.900108272625	-1.371000000000
6620.000000000000	460999.999999999999	-6483.001109502164	1339.812156309129	-1.367000000000
6630.000000000000	461999.999999999999	-6490.097506659299	1354.818937738450	-1.365000000000
6650.000000000000	462999.999999999999	-6504.187791691592	1384.933633937038	-1.361000000000
6660.000000000000	463999.999999999999	-6512.578252219207	1393.529514836852	-1.360000000000
6670.000000000000	464999.999999999999	-6519.552611591947	1408.663815352907	-1.358000000000
6750.000000000000	465999.999999999999	-6590.537906516492	1458.530117196493	-1.353000000000
6710.000000000000	466999.999999999999	-6552.929478063422	1443.334769042670	-1.354000000000
6590.000000000000	467999.999999999999	-6444.127730048735	1378.882808224453	-1.360000000000
6460.000000000000	468999.999999999999	-6331.491356515177	1282.114348400175	-1.371000000000
6420.000000000000	469999.999999999999	-6301.052071344882	1230.098692869952	-1.378000000000
6370.000000000000	470999.999999999999	-6259.188988778754	1182.984870043061	-1.384000000000
6340.000000000000	471999.999999999999	-6233.215063235017	1158.719109819150	-1.387000000000
6320.000000000000	472999.999999999999	-6215.849623283461	1142.634438797837	-1.389000000000
6300.000000000000	473999.999999999999	-6197.315133311043	1132.821759339897	-1.390000000000
6290.000000000000	474999.999999999999	-6187.478125162929	1131.023629563167	-1.390000000000
6280.000000000000	475999.999999999999	-6178.767253506098	1123.047295086326	-1.391000000000
6260.000000000000	476999.999999999999	-6159.089650787926	1119.470711344012	-1.391000000000
6250.000000000000	477999.999999999999	-6150.365457036864	1111.532610807140	-1.392000000000
6240.000000000000	478999.999999999999	-6138.293084422366	1122.032980679517	-1.390000000000
6230.000000000000	479999.999999999999	-6128.456076274253	1120.234850902787	-1.390000000000
6220.000000000000	480999.999999999999	-6116.369958941080	1130.671714231456	-1.388000000000
6210.000000000000	481999.999999999999	-6105.404659730198	1134.959885169862	-1.387000000000
6200.000000000000	482999.999999999999	-6093.294636093544	1145.321124293813	-1.385000000000
6210.000000000000	483999.999999999999	-6100.815989123595	1159.372359017543	-1.383000000000
6210.000000000000	484999.999999999999	-6097.310423612354	1177.669562359552	-1.380000000000
6220.000000000000	485999.999999999999	-6099.941677564865	1216.187292446003	-1.374000000000
6250.000000000000	486999.999999999999	-6120.658147188598	1264.928395306957	-1.367000000000
6330.000000000000	487999.999999999999	-6184.535505525522	1349.229624969068	-1.356000000000
6380.000000000000	488999.999999999999	-6229.278791640773	1378.581058920538	-1.353000000000
6470.000000000000	489999.999999999999	-6312.930125138484	1416.973265491979	-1.350000000000
6620.000000000000	490999.999999999999	-6454.910095753991	1469.195581171272	-1.347000000000
6700.000000000000	491999.999999999999	-6547.457662845092	1421.547801957810	-1.357000000000
6730.000000000000	492999.999999999999	-6575.343436364417	1434.489000954475	-1.356000000000
6720.000000000000	493999.999999999999	-6565.573238093445	1432.357516554840	-1.356000000000
6700.000000000000	494999.999999999999	-6546.032841551500	1428.094547755570	-1.356000000000
6700.000000000000	495999.999999999999	-6546.032841551500	1428.094547755570	-1.356000000000
6680.000000000000	496999.999999999999	-6525.065350421954	1430.357358397831	-1.355000000000
6670.000000000000	497999.999999999999	-6515.297288520124	1428.216104867295	-1.355000000000
6650.000000000000	498999.999999999999	-6495.761164716466	1423.933597806224	-1.355000000000
6640.000000000000	499999.999999999999	-6484.568067711046	1428.277625401390	-1.354000000000
6630.000000000000	500999.999999999999	-6476.225040912807	1419.651090745152	-1.355000000000
6610.000000000000	501999.999999999999	-6455.270320417171	1421.824563840842	-1.354000000000
6590.000000000000	502999.999999999999	-6435.738488887921	1417.522522800476	-1.354000000000
6580.000000000000	503999.999999999999	-6425.972573123296	1415.371502280293	-1.354000000000
6560.000000000000	504999.999999999999	-6405.026469147880	1417.475195379111	-1.353000000000
6550.000000000000	505999.999999999999	-6395.262709286374	1415.314410020301	-1.353000000000
6530.000000000000	506999.999999999999	-6374.321009091896	1417.367867933261	-1.352000000000
6530.000000000000	507999.999999999999	-6375.735189563362	1410.992839302682	-1.353000000000
6510.000000000000	508999.999999999999	-6354.797820702641	1413.026771859958	-1.352000000000
6500.000000000000	509999.999999999999	-6345.036226508013	1410.856223823307	-1.352000000000
6480.000000000000	510999.999999999999	-6325.513038118757	1406.515127750005	-1.352000000000
6470.000000000000	511999.999999999999	-6314.343941703014	1410.659627932422	-1.351000000000
6450.000000000000	512999.999999999999	-6294.825104170702	1406.299010844532	-1.351000000000
6440.000000000000	513999.999999999999	-6283.658424403685	1410.403064879187	-1.350000000000
6420.000000000000	514999.999999999999	-6265.546847872233	1399.758085212697	-1.351000000000
6370.000000000000	515999.999999999999	-6209.727791053432	1419.922801077107	-1.346000000000
6350.000000000000	516999.999999999999	-6191.643369794237	1409.273707014740	-1.347000000000
6230.000000000000	517999.999999999999	-6066.230792112869	1419.064472397805	-1.341000000000
6200.000000000000	518999.999999999999	-6039.831794155673	1400.154240898571	-1.343000000000
6120.000000000000	519999.999999999999	-5960.513412229489	1388.048941007619	-1.342000000000
6030.000000000000	520999.999999999999	-5878.282351656546	1344.134142934844	-1.346000000000
5900.000000000000	521999.999999999999	-5763.156522079271	1263.339583016048	-1.355000000000
5780.000000000000	522999.999999999999	-5666.162904388216	1141.489352090020	-1.372000000000
5730.000000000000	523999.999999999999	-5626.020729033621	1086.641963336592	-1.380000000000
5700.000000000000	524999.999999999999	-5601.899907376323	1052.956517495924	-1.385000000000
5690.000000000000	525999.999999999999	-5596.231701975142	1028.732588094888	-1.389000000000
5670.000000000000	526999.999999999999	-5577.583619979938	1019.539583405908	-1.390000000000
5660.000000000000	527999.999999999999	-5568.761569242757	1012.173199074618	-1.391000000000
5650.000000000000	528999.999999999999	-5559.930373161324	1004.825480169654	-1.392000000000
5640.000000000000	529999.999999999999	-5550.089788430066	1003.047027992363	-1.392000000000
5630.000000000000	530999.999999999999	-5539.245165165498	1006.808323461149	-1.391000000000
5620.000000000000	531999.999999999999	-5528.398579239374	1010.548934522258	-1.390000000000
5610.000000000000	532999.999999999999	-5518.561571091262	1008.750804745528	-1.390000000000
5600.000000000000	533999.999999999999	-5507.714856073953	1012.460895137324	-1.389000000000
5590.000000000000	534999.999999999999	-5496.866249273414	1016.150302661389	-1.388000000000
5580.000000000000	535999.999999999999	-5487.032857056467	1014.332502477737	-1.388000000000
5580.000000000000	536999.999999999999	-5486.015781206845	1019.819027254078	-1.387000000000
5570.000000000000	537999.999999999999	-5474.137277909845	1028.941719728474	-1.385000000000
5560.000000000000	538999.999999999999	-5463.279556924626	1032.558222517963	-1.384000000000
5550.000000000000	539999.999999999999	-5453.453514556057	1030.701103412714	-1.384000000000
5540.000000000000	540999.999999999999	-5441.558898339349	1039.729174306390	-1.382000000000
5530.000000000000	541999.999999999999	-5432.771726224392	1032.420152233013	-1.383000000000
5520.000000000000	542999.999999999999	-5422.947545887640	1030.553208015594	-1.383000000000
5510.000000000000	543999.999999999999	-5412.091972897078	1034.098871918449	-1.382000000000
5500.000000000000	544999.999999999999	-5403.299185214133	1026.819319580755	-1.383000000000
5490.000000000000	545999.999999999999	-5393.475004877380	1024.952375363335	-1.383000000000
5480.000000000000	546999.999999999999	-5383.650824540628	1023.085431145916	-1.383000000000
5470.000000000000	547999.999999999999	-5373.826644203875	1021.218486928496	-1.383000000000
5450.000000000000	548999.999999999999	-5355.193090870363	1012.129912360233	-1.384000000000
5450.000000000000	549999.999999999999	-5357.206638962965	1001.417509059598	-1.386000000000
5430.000000000000	550999.999999999999	-5338.542238701284	992.404537274130	-1.387000000000
5420.000000000000	551999.999999999999	-5330.681164271577	979.917509222196	-1.389000000000
5410.000000000000	552999.999999999999	-5321.821408129006	972.788209210928	-1.390000000000
5400.000000000000	553999.999999999999	-5311.010754071312	976.301577453848	-1.389000000000
5390.000000000000	554999.999999999999	-5302.147391832781	969.191949657468	-1.390000000000
5380.000000000000	555999.999999999999	-5292.310383684668	967.393819880738	-1.390000000000
5370.000000000000	556999.999999999999	-5283.436329829259	960.312734811078	-1.391000000000
5360.000000000000	557999.999999999999	-5273.597528470173	958.524442939921	-1.391000000000
5350.000000000000	558999.999999999999	-5263.758727111087	956.736151068765	-1.391000000000
5340.000000000000	559999.999999999999	-5254.872246492296	949.693462673620	-1.392000000000
5330.000000000000	560999.999999999999	-5245.031661761037	947.915010496329	-1.392000000000
5320.000000000000	561999.999999999999	-5235.191077029778	946.136558319037	-1.392000000000
5310.000000000000	562999.999999999999	-5226.292237572240	939.132284341325	-1.393000000000
5300.000000000000	563999.999999999999	-5216.449879309392	937.363673636351	-1.393000000000
5290.000000000000	564999.999999999999	-5205.669322836001	940.801201787163	-1.392000000000
5280.000000000000	565999.999999999999	-5195.828738104742	939.022749609872	-1.392000000000
5270.000000000000	566999.999999999999	-5185.988153373483	937.244297432580	-1.392000000000
5270.000000000000	567999.999999999999	-5186.922804520848	932.057841521428	-1.393000000000
5250.000000000000	568999.999999999999	-5166.306983910965	933.687393077997	-1.392000000000
5240.000000000000	569999.999999999999	-5156.466399179706	931.908940900706	-1.392000000000
5230.000000000000	570999.999999999999	-5146.625814448447	930.130488723414	-1.392000000000
5230.000000000000	571999.999999999999	-5146.625814448447	930.130488723414	-1.392000000000
5220.000000000000	572999.999999999999	-5136.785229717188	928.352036546123	-1.392000000000
5210.000000000000	573999.999999999999	-5126.944644985929	926.573584368832	-1.392000000000
5200.000000000000	574999.999999999999	-5117.104060254670	924.795132191540	-1.392000000000
5190.000000000000	575999.999999999999	-5107.263475523411	923.016680014249	-1.392000000000
5190.000000000000	576999.999999999999	-5106.337905365708	928.123481130260	-1.391000000000
5180.000000000000	577999.999999999999	-5097.422890792152	921.238227836957	-1.392000000000
5160.000000000000	578999.999999999999	-5076.821501288450	922.758605516790	-1.391000000000
5160.000000000000	579999.999999999999	-5076.821501288450	922.758605516790	-1.391000000000
5150.000000000000	580999.999999999999	-5066.982699929364	920.970313645633	-1.391000000000
5140.000000000000	581999.999999999999	-5056.222188129962	924.238705239218	-1.390000000000
5130.000000000000	582999.999999999999	-5046.385179981849	922.440575462488	-1.390000000000
5130.000000000000	583999.999999999999	-5046.385179981849	922.440575462488	-1.390000000000
5120.000000000000	584999.999999999999	-5036.548171833736	920.642445685758	-1.390000000000
5100.000000000000	585999.999999999999	-5016.874155537511	917.046186132298	-1.390000000000
5100.000000000000	586999.999999999999	-5015.954601067350	922.062600928634	-1.389000000000
5090.000000000000	587999.999999999999	-5007.037147389397	915.248056355568	-1.390000000000
5080.000000000000	588999.999999999999	-4996.284190867086	918.446669160287	-1.389000000000
5070.000000000000	589999.999999999999	-4986.448985766954	916.638703276113	-1.389000000000
5070.000000000000	590999.999999999999	-4986.448985766954	916.638703276113	-1.389000000000
5060.000000000000	591999.999999999999	-4975.696461775219	919.806892927840	-1.388000000000
5050.000000000000	592999.999999999999	-4965.863069558272	917.989092744188	-1.388000000000
5050.000000000000	593999.999999999999	-4964.942597687198	922.954495991594	-1.387000000000
5030.000000000000	594999.999999999999	-4945.279458686457	919.299230660935	-1.387000000000
5030.000000000000	595999.999999999999	-4944.357686969489	924.244049645831	-1.386000000000
5020.000000000000	596999.999999999999	-4934.527950017263	922.406586326456	-1.386000000000
5010.000000000000	597999.999999999999	-4924.698213065038	920.569123007080	-1.386000000000
5000.000000000000	598999.999999999999	-4913.947287172213	923.646067978881	-1.385000000000
5000.000000000000	599999.999999999999	-4913.947287172213	923.646067978881	-1.385000000000
4990.000000000000	600999.999999999999	-4904.119392597869	921.798775842923	-1.385000000000
4980.000000000000	601999.999999999999	-4892.441807702980	929.738220274938	-1.383000000000
4980.000000000000	602999.999999999999	-4892.441807702980	929.738220274938	-1.383000000000
4970.000000000000	603999.999999999999	-4880.752120819273	937.634649060162	-1.381000000000
4960.000000000000	604999.999999999999	-4871.865006455447	930.876661472869	-1.382000000000
4950.000000000000	605999.999999999999	-4860.174975343180	938.722114924281	-1.380000000000
4950.000000000000	606999.999999999999	-4859.233823297425	943.581819728576	-1.379000000000
4950.000000000000	607999.999999999999	-4857.336942451670	953.298393733183	-1.377000000000
4940.000000000000	608999.999999999999	-4845.611701694389	961.065677465597	-1.375000000000
4940.000000000000	609999.999999999999	-4842.706703750482	975.598165973131	-1.372000000000
4940.000000000000	610999.999999999999	-4838.765579890987	994.961136357715	-1.368000000000
4950.000000000000	611999.999999999999	-4843.515189664830	1021.205467810499	-1.363000000000
4980.000000000000	612999.999999999999	-4863.426050783284	1071.208219051043	-1.354000000000
5010.000000000000	613999.999999999999	-4883.946033465886	1116.768168508055	-1.346000000000
5060.000000000000	614999.999999999999	-4922.337152338093	1172.261471989980	-1.337000000000
5080.000000000000	615999.999999999999	-4937.045929006407	1196.652620805746	-1.333000000000
5070.000000000000	616999.999999999999	-4926.130574188146	1199.223734775443	-1.332000000000
5030.000000000000	617999.999999999999	-4890.812927869389	1175.095274684422	-1.335000000000
5020.000000000000	618999.999999999999	-4883.425396193127	1162.994582883339	-1.337000000000
5010.000000000000	619999.999999999999	-4872.534342641201	1165.550976912671	-1.336000000000
5030.000000000000	620999.999999999999	-4888.452957264218	1184.874543829312	-1.333000000000
5070.000000000000	621999.999999999999	-4921.294283048706	1218.918610749758	-1.328000000000
5090.000000000000	622999.999999999999	-4938.250339008634	1233.605929493335	-1.326000000000
5010.000000000000	623999.999999999999	-4867.833170943316	1185.031737914195	-1.332000000000
4950.000000000000	624999.999999999999	-4816.474192610545	1141.961624537618	-1.338000000000
4900.000000000000	625999.999999999999	-4776.713685425717	1092.248308520852	-1.346000000000
4870.000000000000	626999.999999999999	-4752.836939118034	1061.810260901220	-1.351000000000
4840.000000000000	627999.999999999999	-4728.775963150636	1031.638449423426	-1.356000000000
4820.000000000000	628999.999999999999	-4713.307383738224	1008.530369596641	-1.360000000000
4810.000000000000	629999.999999999999	-4704.532823764896	1001.733951764985	-1.361000000000
4800.000000000000	630999.999999999999	-4695.749394045893	994.956093663243	-1.362000000000
4790.000000000000	631999.999999999999	-4686.957122928189	988.196806224705	-1.363000000000
4780.000000000000	632999.999999999999	-4676.183771570702	990.810443272979	-1.362000000000
4770.000000000000	633999.999999999999	-4668.369101452136	979.402844904471	-1.364000000000
4760.000000000000	634999.999999999999	-4657.602485415069	982.007682177368	-1.363000000000
4760.000000000000	635999.999999999999	-4658.582164132530	977.349589464420	-1.364000000000
4750.000000000000	636999.999999999999	-4647.817606244030	979.944640828256	-1.363000000000
4750.000000000000	637999.999999999999	-4645.848422636851	989.238309955027	-1.361000000000
4740.000000000000	638999.999999999999	-4635.078215543399	991.791276325327	-1.360000000000
4740.000000000000	639999.999999999999	-4634.084106893457	996.425857872761	-1.359000000000
4740.000000000000	640999.999999999999	-4632.081988341155	1005.692027056719	-1.357000000000
4730.000000000000	641999.999999999999	-4620.293279565246	1012.812919943374	-1.355000000000
4730.000000000000	642999.999999999999	-4618.258414492298	1022.051474716950	-1.353000000000
4740.000000000000	643999.999999999999	-4624.928716098364	1038.091696821017	-1.350000000000
4750.000000000000	644999.999999999999	-4631.544252995689	1054.181119420474	-1.347000000000
4750.000000000000	645999.999999999999	-4626.215475178116	1077.325566958528	-1.342000000000
4780.000000000000	646999.999999999999	-4648.845141282423	1112.042648631251	-1.336000000000
4820.000000000000	647999.999999999999	-4679.783386726064	1154.134937224729	-1.329000000000
4860.000000000000	648999.999999999999	-4713.927175602459	1182.577939552662	-1.325000000000
4930.000000000000	649999.999999999999	-4773.308883733392	1233.054054156541	-1.318000000000
4930.000000000000	650999.999999999999	-4773.308883733392	1233.054054156541	-1.318000000000
4980.000000000000	651999.999999999999	-4816.698925225335	1264.836536368673	-1.314000000000
4980.000000000000	652999.999999999999	-4824.201198588961	1235.913749228817	-1.320000000000
4840.000000000000	653999.999999999999	-4692.163488126081	1187.098058585090	-1.323000000000
4750.000000000000	654999.999999999999	-4614.085249712773	1128.147733403307	-1.331000000000
4700.000000000000	655999.999999999999	-4573.217920256478	1084.286795015517	-1.338000000000
4660.000000000000	656999.999999999999	-4541.711177157651	1043.292664251632	-1.345000000000
4640.000000000000	657999.999999999999	-4526.337925778950	1020.717875641998	-1.349000000000
4620.000000000000	658999.999999999999	-4509.856517918003	1002.793192932874	-1.352000000000
4610.000000000000	659999.999999999999	-4501.093296154227	996.122050411235	-1.353000000000
4610.000000000000	660999.999999999999	-4501.093296154227	996.122050411235	-1.353000000000
4600.000000000000	661999.999999999999	-4491.329536292720	993.961265052425	-1.353000000000
4590.000000000000	662999.999999999999	-4480.571735334120	996.281548822920	-1.352000000000
4590.000000000000	663999.999999999999	-4479.573213665662	1000.761621670760	-1.351000000000
4580.000000000000	664999.999999999999	-4469.813794899506	998.581313126815	-1.351000000000
4570.000000000000	665999.999999999999	-4460.054376133350	996.401004582870	-1.351000000000
4570.000000000000	666999.999999999999	-4459.055745267832	1000.860560015200	-1.350000000000
4570.000000000000	667999.999999999999	-4458.052655346940	1005.319114587054	-1.349000000000
4560.000000000000	668999.999999999999	-4446.282482875861	1012.013874643655	-1.347000000000
4570.000000000000	669999.999999999999	-4452.970355176030	1027.596718525055	-1.344000000000
4570.000000000000	670999.999999999999	-4449.867531293068	1040.950985370461	-1.341000000000
4580.000000000000	671999.999999999999	-4454.332792274790	1065.513667516973	-1.336000000000
4600.000000000000	672999.999999999999	-4469.467582103644	1088.053092695668	-1.332000000000
4650.000000000000	673999.999999999999	-4507.966987559148	1140.497101739808	-1.323000000000
4670.000000000000	674999.999999999999	-4523.899517552299	1158.979359216582	-1.320000000000
4710.000000000000	675999.999999999999	-4559.120875784110	1182.589041040688	-1.317000000000
4770.000000000000	676999.999999999999	-4611.152889461811	1220.724796998893	-1.312000000000
4850.000000000000	677999.999999999999	-4685.997015321760	1250.572657783448	-1.310000000000
4910.000000000000	678999.999999999999	-4745.231783883394	1261.299059391874	-1.311000000000
4900.000000000000	679999.999999999999	-4738.075348332832	1249.256576336790	-1.313000000000
4900.000000000000	680999.999999999999	-4738.075348332832	1249.256576336790	-1.313000000000
4870.000000000000	681999.999999999999	-4707.822761358286	1246.316511820673	-1.312000000000
4840.000000000000	682999.999999999999	-4677.580821587704	1243.317199074678	-1.311000000000
4830.000000000000	683999.999999999999	-4667.916398402605	1240.748361886507	-1.311000000000
4830.000000000000	684999.999999999999	-4666.673316289505	1245.415657132794	-1.310000000000
4830.000000000000	685999.999999999999	-4665.425567503478	1250.081706963529	-1.309000000000
4830.000000000000	686999.999999999999	-4665.425567503478	1250.081706963529	-1.309000000000
4840.000000000000	687999.999999999999	-4677.580821587704	1243.317199074678	-1.311000000000
4830.000000000000	688999.999999999999	-4666.673316289505	1245.415657132794	-1.310000000000
4820.000000000000	689999.999999999999	-4659.487825410049	1233.520654409783	-1.312000000000
4830.000000000000	690999.999999999999	-4666.673316289505	1245.415657132794	-1.310000000000
4810.000000000000	691999.999999999999	-4647.349617257250	1240.258656482141	-1.310000000000
4820.000000000000	692999.999999999999	-4657.011466773378	1242.837156807468	-1.310000000000
4810.000000000000	693999.999999999999	-4647.349617257250	1240.258656482141	-1.310000000000
4810.000000000000	694999.999999999999	-4646.107035132864	1244.905385195564	-1.309000000000
4800.000000000000	695999.999999999999	-4636.447768947556	1242.317224311581	-1.309000000000
4790.000000000000	696999.999999999999	-4625.546460511384	1244.355231294749	-1.308000000000
4790.000000000000	697999.999999999999	-4626.788502762249	1239.729063427599	-1.309000000000
4770.000000000000	698999.999999999999	-4603.745584122823	1248.369575354032	-1.306000000000
4740.000000000000	699999.999999999999	-4574.791209379912	1240.518194376963	-1.306000000000
4700.000000000000	700999.999999999999	-4536.185376389364	1230.049686407537	-1.306000000000
4650.000000000000	701999.999999999999	-4485.485182817728	1225.937467704862	-1.304000000000
4600.000000000000	702999.999999999999	-4439.670793912996	1203.878416483972	-1.306000000000
4570.000000000000	703999.999999999999	-4413.099650216497	1187.203216496243	-1.308000000000
4540.000000000000	704999.999999999999	-4386.479680321812	1170.639147698320	-1.310000000000
4510.000000000000	705999.999999999999	-4357.494131773430	1162.903646722340	-1.310000000000
4480.000000000000	706999.999999999999	-4331.954604190018	1142.177441222208	-1.313000000000
4460.000000000000	707999.999999999999	-4314.881051260902	1128.450935339950	-1.315000000000
4450.000000000000	708999.999999999999	-4304.078356878061	1130.225419044297	-1.314000000000
4440.000000000000	709999.999999999999	-4294.406270682829	1127.685586641950	-1.314000000000
4440.000000000000	710999.999999999999	-4293.276438081178	1131.979428354153	-1.313000000000
4440.000000000000	711999.999999999999	-4293.276438081178	1131.979428354153	-1.313000000000
4450.000000000000	712999.999999999999	-4300.668317368860	1143.132548736016	-1.311000000000
4480.000000000000	713999.999999999999	-4323.853294941352	1172.472892575694	-1.306000000000
4520.000000000000	714999.999999999999	-4360.084521792716	1191.663947102361	-1.304000000000
4580.000000000000	715999.999999999999	-4417.961749958106	1207.482495072746	-1.304000000000
4650.000000000000	716999.999999999999	-4483.024338549526	1234.905980215734	-1.302000000000
4680.000000000000	717999.999999999999	-4515.655386224762	1229.331701722239	-1.305000000000
4540.000000000000	718999.999999999999	-4374.554161794056	1214.444681955626	-1.300000000000
4440.000000000000	719999.999999999999	-4285.247461950804	1162.004384606269	-1.306000000000
4400.000000000000	720999.999999999999	-4250.077121535260	1138.790788952283	-1.309000000000
4400.000000000000	721999.999999999999	-4250.077121535260	1138.790788952283	-1.309000000000
4380.000000000000	722999.999999999999	-4230.758589164645	1133.614467184318	-1.309000000000
4410.000000000000	723999.999999999999	-4258.592879092944	1145.638114824602	-1.308000000000
4430.000000000000	724999.999999999999	-4273.268679544632	1167.936125146783	-1.304000000000
4500.000000000000	725999.999999999999	-4334.805921843445	1208.080138050038	-1.299000000000
4480.000000000000	726999.999999999999	-4316.740670669024	1198.394752238151	-1.300000000000
4510.000000000000	727999.999999999999	-4343.225887113970	1215.108593296527	-1.298000000000
4520.000000000000	728999.999999999999	-4352.856099723979	1217.802847383659	-1.298000000000
4520.000000000000	729999.999999999999	-4351.636120651694	1222.155093856534	-1.297000000000
4490.000000000000	730999.999999999999	-4325.173019794904	1205.395515521038	-1.299000000000
4510.000000000000	731999.999999999999	-4345.647416231540	1206.419717096889	-1.300000000000
4510.000000000000	732999.999999999999	-4344.438823891986	1210.764760579038	-1.299000000000
4520.000000000000	733999.999999999999	-4352.856099723979	1217.802847383659	-1.298000000000
4510.000000000000	734999.999999999999	-4344.438823891986	1210.764760579038	-1.299000000000
4510.000000000000	735999.999999999999	-4342.008607110430	1219.451210905524	-1.297000000000
4490.000000000000	736999.999999999999	-4323.965461893953	1209.720085122263	-1.298000000000
4500.000000000000	737999.999999999999	-4334.805921843445	1208.080138050038	-1.299000000000
4500.000000000000	738999.999999999999	-4331.162180253635	1221.079099952406	-1.296000000000
4420.000000000000	739999.999999999999	-4251.756492713956	1207.876950133879	-1.294000000000
4300.000000000000	740999.999999999999	-4147.868018519620	1133.662604544281	-1.304000000000
4240.000000000000	741999.999999999999	-4097.715430481790	1089.186967784429	-1.311000000000
4220.000000000000	742999.999999999999	-4080.546524482561	1075.890357579848	-1.313000000000
4200.000000000000	743999.999999999999	-4063.340900290536	1062.666800095917	-1.315000000000
4190.000000000000	744999.999999999999	-4053.666279099368	1060.136641048070	-1.315000000000
4180.000000000000	745999.999999999999	-4046.098781481439	1049.516388864135	-1.317000000000
4150.000000000000	746999.999999999999	-4022.219480033627	1021.885734531026	-1.322000000000
4140.000000000000	747999.999999999999	-4014.558205208225	1011.396271001291	-1.324000000000
4130.000000000000	748999.999999999999	-4004.861204712553	1008.953284839452	-1.324000000000
4120.000000000000	749999.999999999999	-3995.164204216881	1006.510298677613	-1.324000000000
4110.000000000000	750999.999999999999	-3985.467203721209	1004.067312515774	-1.324000000000
4110.000000000000	751999.999999999999	-3985.467203721209	1004.067312515774	-1.324000000000
4100.000000000000	752999.999999999999	-3975.770203225537	1001.624326353935	-1.324000000000
4110.000000000000	753999.999999999999	-3982.437071712996	1016.019177892826	-1.321000000000
4120.000000000000	754999.999999999999	-3988.020808541514	1034.451560315846	-1.317000000000
4140.000000000000	755999.999999999999	-4003.190192264882	1055.494331843737	-1.313000000000
4160.000000000000	756999.999999999999	-4016.093348161187	1084.709278496070	-1.307000000000
4170.000000000000	757999.999999999999	-4023.564735161807	1095.366067560200	-1.305000000000
4180.000000000000	758999.999999999999	-4031.009520807294	1106.057070480972	-1.303000000000
4180.000000000000	759999.999999999999	-4029.901448416564	1110.087526301455	-1.302000000000
4180.000000000000	760999.999999999999	-4028.789346124720	1114.116872034505	-1.301000000000
4220.000000000000	761999.999999999999	-4060.520513105761	1149.161939261531	-1.295000000000
4250.000000000000	762999.999999999999	-4089.386772677603	1157.331336934006	-1.295000000000
4250.000000000000	763999.999999999999	-4087.063932776025	1165.507790364945	-1.293000000000
4290.000000000000	764999.999999999999	-4124.351877004803	1180.602216941404	-1.292000000000
4400.000000000000	765999.999999999999	-4226.452837022727	1223.558914160874	-1.289000000000
4400.000000000000	766999.999999999999	-4231.313248050473	1206.643359436649	-1.293000000000
4400.000000000000	767999.999999999999	-4230.104489235695	1210.874068657850	-1.292000000000
4390.000000000000	768999.999999999999	-4220.490615396523	1208.122082138173	-1.292000000000
4320.000000000000	769999.999999999999	-4147.197317597089	1209.609196772044	-1.287000000000
4200.000000000000	770999.999999999999	-4036.669159393291	1159.871586686672	-1.291000000000
4100.000000000000	771999.999999999999	-3951.683329930946	1092.794061086476	-1.301000000000
4040.000000000000	772999.999999999999	-3905.462824617551	1033.905278799901	-1.312000000000
4000.000000000000	773999.999999999999	-3874.860400473061	992.701806609492	-1.320000000000
3980.000000000000	774999.999999999999	-3859.406197277473	972.308492411869	-1.324000000000
3960.000000000000	775999.999999999999	-3842.897179451070	955.898147381305	-1.327000000000
3960.000000000000	776999.999999999999	-3844.801288679505	948.210446350607	-1.329000000000
3940.000000000000	777999.999999999999	-3826.324609008916	939.595650528869	-1.330000000000
3940.000000000000	778999.999999999999	-3827.262291340700	935.768856759795	-1.331000000000
3930.000000000000	779999.999999999999	-3817.548427657094	933.393808899999	-1.331000000000
3930.000000000000	780999.999999999999	-3816.613125229705	937.210889994532	-1.330000000000
3930.000000000000	781999.999999999999	-3816.613125229705	937.210889994532	-1.330000000000
3930.000000000000	782999.999999999999	-3814.731071475624	944.842236735020	-1.328000000000
3920.000000000000	783999.999999999999	-3804.080036224292	946.242610539069	-1.327000000000
3920.000000000000	784999.999999999999	-3802.179944107334	953.848873054822	-1.325000000000
3930.000000000000	785999.999999999999	-3808.023769302208	971.521987620148	-1.321000000000
3930.000000000000	786999.999999999999	-3806.073110577331	979.136087038061	-1.319000000000
3940.000000000000	787999.999999999999	-3810.801960921249	1000.693966524613	-1.314000000000
3960.000000000000	788999.999999999999	-3824.042585307950	1028.736266373112	-1.308000000000
3990.000000000000	789999.999999999999	-3845.662557664506	1063.475196032937	-1.301000000000
4030.000000000000	790999.999999999999	-3878.796352538256	1093.544171735155	-1.296000000000
4100.000000000000	791999.999999999999	-3935.997454200941	1148.008728417912	-1.287000000000
4160.000000000000	792999.999999999999	-3992.430611484787	1168.801870497823	-1.286000000000
4240.000000000000	793999.999999999999	-4065.615980693403	1203.481074853450	-1.283000000000
4250.000000000000	794999.999999999999	-4077.609184561127	1198.166657015101	-1.285000000000
4250.000000000000	795999.999999999999	-4077.609184561127	1198.166657015101	-1.285000000000
4240.000000000000	796999.999999999999	-4066.817428759856	1199.414857809872	-1.284000000000
4240.000000000000	797999.999999999999	-4066.817428759856	1199.414857809872	-1.284000000000
4230.000000000000	798999.999999999999	-4057.225878220328	1196.586049182962	-1.284000000000
4220.000000000000	799999.999999999999	-4047.634327680800	1193.757240556052	-1.284000000000
4050.000000000000	800999.999999999999	-3886.861532815718	1137.896051806775	-1.286000000000
4000.000000000000	801999.999999999999	-3843.340256824291	1108.483500226230	-1.290000000000
3970.000000000000	802999.999999999999	-3816.707914151298	1092.538648311742	-1.292000000000
3950.000000000000	803999.999999999999	-3800.724176959184	1075.637360209253	-1.295000000000
3940.000000000000	804999.999999999999	-3792.173108933183	1069.122589736107	-1.296000000000
3920.000000000000	805999.999999999999	-3773.985308175806	1059.922116795932	-1.297000000000
3910.000000000000	806999.999999999999	-3766.464700979527	1049.687408839033	-1.299000000000
3900.000000000000	807999.999999999999	-3757.876923127053	1043.245431635891	-1.300000000000
3890.000000000000	808999.999999999999	-3747.198896882445	1044.318163781033	-1.299000000000
3890.000000000000	809999.999999999999	-3747.198896882445	1044.318163781033	-1.299000000000
3890.000000000000	810999.999999999999	-3746.152705293425	1048.064839894344	-1.298000000000
3880.000000000000	811999.999999999999	-3737.565994833903	1041.633541252033	-1.299000000000
3880.000000000000	812999.999999999999	-3736.522492683416	1045.370585807212	-1.298000000000
3900.000000000000	813999.999999999999	-3750.482197135646	1069.524795864302	-1.293000000000
3940.000000000000	814999.999999999999	-3782.397553549197	1103.208387796725	-1.287000000000
3980.000000000000	815999.999999999999	-3815.177749694578	1133.498450918843	-1.282000000000
4050.000000000000	816999.999999999999	-3877.634082595723	1168.954199912054	-1.278000000000
3930.000000000000	817999.999999999999	-3770.589198900053	1107.951755781023	-1.285000000000
3850.000000000000	818999.999999999999	-3706.592713386952	1040.994936138862	-1.297000000000
3820.000000000000	819999.999999999999	-3682.828596399826	1014.481902026689	-1.302000000000
3790.000000000000	820999.999999999999	-3659.879140989174	984.573345846994	-1.308000000000
3780.000000000000	821999.999999999999	-3653.151963967256	971.020457128571	-1.311000000000
3760.000000000000	822999.999999999999	-3637.657567879146	951.339801990631	-1.315000000000
3740.000000000000	823999.999999999999	-3622.994474442312	928.176189179875	-1.320000000000
3730.000000000000	824999.999999999999	-3615.151484463959	918.465973445959	-1.322000000000
3730.000000000000	825999.999999999999	-3615.151484463959	918.465973445959	-1.322000000000
3720.000000000000	826999.999999999999	-3606.373590047318	912.397681391846	-1.323000000000
3710.000000000000	827999.999999999999	-3597.587183894327	906.347866042219	-1.324000000000
3710.000000000000	828999.999999999999	-3596.679037385901	909.944999452621	-1.323000000000
3710.000000000000	829999.999999999999	-3595.767294198737	913.541222918098	-1.322000000000
3700.000000000000	830999.999999999999	-3585.162327332868	914.664466716169	-1.321000000000
3700.000000000000	831999.999999999999	-3584.245870437581	918.249171113780	-1.320000000000
3700.000000000000	832999.999999999999	-3583.325829296723	921.832957262296	-1.319000000000
3700.000000000000	833999.999999999999	-3582.402204830335	925.415821577931	-1.318000000000
3700.000000000000	834999.999999999999	-3579.609840732139	936.158847703546	-1.315000000000
3710.000000000000	835999.999999999999	-3587.399906594858	945.865693512141	-1.313000000000
3710.000000000000	836999.999999999999	-3583.587754749048	960.207687957493	-1.309000000000
3710.000000000000	837999.999999999999	-3578.741941559951	978.113549502159	-1.304000000000
3730.000000000000	838999.999999999999	-3594.072031606130	997.770630769711	-1.300000000000
3760.000000000000	839999.999999999999	-3615.849502879495	1031.131598064045	-1.293000000000
3760.000000000000	840999.999999999999	-3613.780009361613	1038.361229986164	-1.291000000000
3790.000000000000	841999.999999999999	-3637.334619597919	1064.845934900661	-1.286000000000
3780.000000000000	842999.999999999999	-3626.673580621426	1065.663520827549	-1.285000000000
3800.000000000000	843999.999999999999	-3641.547966484087	1085.876792180223	-1.281000000000
3780.000000000000	844999.999999999999	-3625.606103941569	1069.289660972008	-1.284000000000
3790.000000000000	845999.999999999999	-3637.334619597919	1064.845934900661	-1.286000000000
3770.000000000000	846999.999999999999	-3617.079206069517	1062.844305163984	-1.285000000000
3770.000000000000	847999.999999999999	-3616.014553402042	1066.460852345098	-1.284000000000
3780.000000000000	848999.999999999999	-3622.381924555223	1080.161651168748	-1.281000000000
3810.000000000000	849999.999999999998	-3645.641699274765	1106.976332406887	-1.276000000000
3800.000000000000	850999.999999999998	-3637.175338553154	1100.434258200257	-1.277000000000
3770.000000000000	851999.999999999998	-3612.798903590791	1077.304080663010	-1.281000000000
3730.000000000000	852999.999999999998	-3577.648351243930	1055.145617837458	-1.284000000000
3720.000000000000	853999.999999999998	-3569.107333309974	1048.748226846159	-1.285000000000
3710.000000000000	854999.999999999998	-3561.597696362315	1038.807898153769	-1.287000000000
3700.000000000000	855999.999999999998	-3554.062612950930	1028.901814180735	-1.289000000000
3690.000000000000	856999.999999999998	-3544.457038321333	1026.120998466733	-1.289000000000
3690.000000000000	857999.999999999998	-3543.429145265515	1029.664941853855	-1.288000000000
3700.000000000000	858999.999999999998	-3550.959918868681	1039.559355971621	-1.286000000000
3700.000000000000	859999.999999999998	-3548.873699625346	1046.659191956728	-1.284000000000
3710.000000000000	860999.999999999998	-3556.359158634896	1056.602827364047	-1.282000000000
3730.000000000000	861999.999999999998	-3570.174740211385	1080.163100812357	-1.277000000000
3750.000000000000	862999.999999999998	-3584.945245948418	1100.303405225957	-1.273000000000
3790.000000000000	863999.999999999998	-3619.832242665984	1122.904508386958	-1.270000000000
3840.000000000000	864999.999999999998	-3664.157630778443	1148.716177655780	-1.267000000000
3910.000000000000	865999.999999999998	-3732.119961568280	1165.924779933756	-1.268000000000
3920.000000000000	866999.999999999998	-3739.319730270111	1176.387671991112	-1.266000000000
3920.000000000000	867999.999999999998	-3739.319730270111	1176.387671991112	-1.266000000000
3920.000000000000	868999.999999999998	-3738.141473134474	1180.126402904376	-1.265000000000
3910.000000000000	869999.999999999998	-3728.605397947907	1177.115876366355	-1.265000000000
3900.000000000000	870999.999999999998	-3719.069322761339	1174.105349828333	-1.265000000000
3900.000000000000	871999.999999999998	-3719.069322761339	1174.105349828333	-1.265000000000
3900.000000000000	872999.999999999998	-3719.069322761339	1174.105349828333	-1.265000000000
3890.000000000000	873999.999999999998	-3708.360298180195	1174.803770372268	-1.264000000000
3890.000000000000	874999.999999999998	-3708.360298180195	1174.803770372268	-1.264000000000
3880.000000000000	875999.999999999998	-3698.827238287701	1171.783709265912	-1.264000000000
3850.000000000000	876999.999999999998	-3666.723377250754	1173.728961354716	-1.261000000000
3720.000000000000	877999.999999999998	-3550.763748602047	1109.268588581476	-1.268000000000
3650.000000000000	878999.999999999998	-3491.481649899598	1063.981150403698	-1.275000000000
3640.000000000000	879999.999999999998	-3484.031113771969	1054.100184170773	-1.277000000000
3590.000000000000	880999.999999999998	-3444.380464135163	1012.098423219815	-1.285000000000
3580.000000000000	881999.999999999998	-3437.798466138359	998.970322991002	-1.288000000000
3570.000000000000	882999.999999999998	-3429.190142766167	992.751209898709	-1.289000000000
3560.000000000000	883999.999999999998	-3420.572828573619	986.550315201345	-1.290000000000
3550.000000000000	884999.999999999998	-3412.925212906072	976.955214485311	-1.292000000000
3540.000000000000	885999.999999999998	-3404.283840476971	970.799430092213	-1.293000000000
3530.000000000000	886999.999999999998	-3395.633579022684	964.661908138596	-1.294000000000
3530.000000000000	887999.999999999998	-3395.633579022684	964.661908138596	-1.294000000000
3520.000000000000	888999.999999999998	-3386.974456429450	958.542660237106	-1.295000000000
3510.000000000000	889999.999999999998	-3377.352369905503	955.819527679615	-1.295000000000
3510.000000000000	890999.999999999998	-3377.352369905503	955.819527679615	-1.295000000000
3510.000000000000	891999.999999999998	-3377.352369905503	955.819527679615	-1.295000000000
3500.000000000000	892999.999999999998	-3367.730283381556	953.096395122123	-1.295000000000
3500.000000000000	893999.999999999998	-3367.730283381556	953.096395122123	-1.295000000000
3490.000000000000	894999.999999999998	-3358.108196857608	950.373262564631	-1.295000000000
3490.000000000000	895999.999999999998	-3358.108196857608	950.373262564631	-1.295000000000
3490.000000000000	896999.999999999998	-3358.108196857608	950.373262564631	-1.295000000000
3480.000000000000	897999.999999999998	-3347.536786118680	950.998141734366	-1.294000000000
3480.000000000000	898999.999999999998	-3346.584114367192	954.345202463531	-1.293000000000
3480.000000000000	899999.999999999998	-3345.628096031868	957.691308847573	-1.292000000000
3480.000000000000	900999.999999999998	-3345.628096031868	957.691308847573	-1.292000000000
3480.000000000000	901999.999999999998	-3343.706023437133	964.380645196820	-1.290000000000
3480.000000000000	902999.999999999998	-3342.739971099793	967.723868472691	-1.289000000000
3480.000000000000	903999.999999999998	-3340.797839175433	974.407408510813	-1.287000000000
3490.000000000000	904999.999999999998	-3347.451138295259	987.254210791616	-1.284000000000
3490.000000000000	905999.999999999998	-3345.469936289969	993.947134097176	-1.282000000000
3490.000000000000	906999.999999999998	-3343.475352409395	1000.636081615525	-1.280000000000
3500.000000000000	907999.999999999998	-3349.014684373144	1016.907391974831	-1.276000000000
3510.000000000000	908999.999999999998	-3356.536956269128	1026.527964158588	-1.274000000000
3530.000000000000	909999.999999999998	-3370.458463153979	1049.242463948975	-1.269000000000
3560.000000000000	910999.999999999998	-3394.842766418043	1071.747447535607	-1.265000000000
3590.000000000000	911999.999999999998	-3419.100499826028	1094.464148380112	-1.261000000000
3640.000000000000	912999.999999999998	-3459.999678827787	1130.487603873485	-1.255000000000
3710.000000000000	913999.999999999998	-3524.226627152042	1159.278517213419	-1.253000000000
3730.000000000000	914999.999999999998	-3543.225153443967	1165.527997090580	-1.253000000000
3720.000000000000	915999.999999999998	-3533.725890298004	1162.403257151999	-1.253000000000
3720.000000000000	916999.999999999998	-3533.725890298004	1162.403257151999	-1.253000000000
3670.000000000000	917999.999999999998	-3486.229574568192	1146.779557459096	-1.253000000000
3620.000000000000	918999.999999999998	-3440.988691581480	1124.276133522531	-1.255000000000
3550.000000000000	919999.999999999998	-3381.004672529917	1082.269561768634	-1.261000000000
3430.000000000000	920999.999999999998	-3286.976190800110	980.146683467938	-1.281000000000
3400.000000000000	921999.999999999998	-3264.948263930285	948.742764851790	-1.288000000000
3390.000000000000	922999.999999999998	-3257.230867658586	939.439766441730	-1.290000000000
3370.000000000000	923999.999999999998	-3245.381649572967	907.963627363480	-1.298000000000
3350.000000000000	924999.999999999998	-3231.478572567611	883.202261679847	-1.304000000000
3340.000000000000	925999.999999999998	-3223.587054710740	874.120415447058	-1.306000000000
3340.000000000000	926999.999999999998	-3225.328847204180	867.671497395503	-1.308000000000
3330.000000000000	927999.999999999998	-3217.395888870404	858.640608333790	-1.310000000000
3320.000000000000	928999.999999999998	-3208.588497452723	852.853946472713	-1.311000000000
3320.000000000000	929999.999999999998	-3210.287787033674	846.435068048601	-1.313000000000
3310.000000000000	930999.999999999998	-3201.460530621659	840.684525176769	-1.314000000000
3310.000000000000	931999.999999999998	-3201.460530621659	840.684525176769	-1.314000000000
3300.000000000000	932999.999999999998	-3191.788444426427	838.144692774422	-1.314000000000
3300.000000000000	933999.999999999998	-3192.624993085421	834.952485789649	-1.315000000000
3300.000000000000	934999.999999999998	-3191.788444426427	838.144692774422	-1.314000000000
3300.000000000000	935999.999999999998	-3191.788444426427	838.144692774422	-1.314000000000
3290.000000000000	936999.999999999998	-3182.116358231195	835.604860372075	-1.314000000000
3290.000000000000	937999.999999999998	-3182.116358231195	835.604860372075	-1.314000000000
3280.000000000000	938999.999999999998	-3172.444272035963	833.065027969729	-1.314000000000
3280.000000000000	939999.999999999998	-3171.609620924834	836.237055180545	-1.313000000000
3280.000000000000	940999.999999999998	-3171.609620924834	836.237055180545	-1.313000000000
3270.000000000000	941999.999999999998	-3161.940079397624	833.687551963531	-1.313000000000
3270.000000000000	942999.999999999998	-3161.940079397624	833.687551963531	-1.313000000000
3270.000000000000	943999.999999999998	-3161.104811014701	836.849074672197	-1.312000000000
3270.000000000000	944999.999999999998	-3161.104811014701	836.849074672197	-1.312000000000
3270.000000000000	945999.999999999998	-3159.424791773640	843.169606381830	-1.310000000000
3270.000000000000	946999.999999999998	-3157.732134837625	849.486765414161	-1.308000000000
3260.000000000000	947999.999999999998	-3147.226998799392	850.036598052209	-1.307000000000
3260.000000000000	948999.999999999998	-3145.520632284770	856.329347780876	-1.305000000000
3260.000000000000	949999.999999999998	-3144.662730319526	859.474439724269	-1.304000000000
3260.000000000000	950999.999999999998	-3142.937493262679	865.762042043719	-1.302000000000
3260.000000000000	951999.999999999998	-3141.199684460049	872.046181316155	-1.300000000000
3260.000000000000	952999.999999999998	-3138.569414452328	881.465842029270	-1.297000000000
3260.000000000000	953999.999999999998	-3136.800206806820	887.741213742320	-1.295000000000
3270.000000000000	954999.999999999998	-3143.736745409255	899.899591934357	-1.292000000000
3270.000000000000	955999.999999999998	-3141.930659953858	906.185261434943	-1.290000000000
3270.000000000000	956999.999999999998	-3139.197969570019	915.606961445506	-1.287000000000
3280.000000000000	957999.999999999998	-3145.099154876029	930.994793754556	-1.283000000000
3270.000000000000	958999.999999999998	-3135.510437940432	928.156394993109	-1.283000000000
3280.000000000000	959999.999999999998	-3142.292021748658	940.425887592814	-1.280000000000
3270.000000000000	960999.999999999998	-3132.711863145766	937.558735496494	-1.280000000000
3280.000000000000	961999.999999999998	-3139.456608014301	949.848517604432	-1.277000000000
3280.000000000000	962999.999999999998	-3139.456608014301	949.848517604432	-1.277000000000
3260.000000000000	963999.999999999998	-3123.131704542873	934.691583400175	-1.280000000000
3250.000000000000	964999.999999999998	-3116.333004069236	922.479597470215	-1.283000000000
3240.000000000000	965999.999999999998	-3109.489226252575	910.316841445420	-1.286000000000
3230.000000000000	966999.999999999998	-3100.797994407083	904.406876290209	-1.287000000000
3230.000000000000	967999.999999999998	-3100.797994407083	904.406876290209	-1.287000000000
3230.000000000000	968999.999999999998	-3100.797994407083	904.406876290209	-1.287000000000
3220.000000000000	969999.999999999998	-3091.198000616349	901.606855001385	-1.287000000000
3220.000000000000	970999.999999999998	-3092.098061722211	898.515206712578	-1.288000000000
3210.000000000000	971999.999999999998	-3083.389456100671	892.641844194638	-1.289000000000
3210.000000000000	972999.999999999998	-3084.280556101493	889.558008931550	-1.290000000000
3200.000000000000	973999.999999999998	-3076.439628535051	880.635686296618	-1.292000000000
3200.000000000000	974999.999999999998	-3076.439628535051	880.635686296618	-1.292000000000
3190.000000000000	975999.999999999998	-3067.702104836593	874.816435591570	-1.293000000000
3190.000000000000	976999.999999999998	-3068.575387275457	871.748296589836	-1.294000000000
3180.000000000000	977999.999999999998	-3059.823514615242	865.956153282386	-1.295000000000
3180.000000000000	978999.999999999998	-3060.687940712569	862.895897299700	-1.296000000000
3170.000000000000	979999.999999999998	-3051.921792580945	857.130895470180	-1.297000000000
3170.000000000000	980999.999999999998	-3051.921792580945	857.130895470180	-1.297000000000
3160.000000000000	981999.999999999998	-3043.147184762782	851.384291533708	-1.298000000000
3160.000000000000	982999.999999999998	-3043.147184762782	851.384291533708	-1.298000000000
3150.000000000000	983999.999999999998	-3034.364145290412	845.656096635027	-1.299000000000
3150.000000000000	984999.999999999998	-3035.208284064158	842.621310167450	-1.300000000000
3150.000000000000	985999.999999999998	-3035.208284064158	842.621310167450	-1.300000000000
3140.000000000000	986999.999999999998	-3025.572702209986	839.946321881204	-1.300000000000
3140.000000000000	987999.999999999998	-3025.572702209986	839.946321881204	-1.300000000000
3140.000000000000	988999.999999999998	-3025.572702209986	839.946321881204	-1.300000000000
3130.000000000000	989999.999999999998	-3015.937120355814	837.271333594958	-1.300000000000
3130.000000000000	990999.999999999998	-3015.937120355814	837.271333594958	-1.300000000000
3130.000000000000	991999.999999999998	-3015.937120355814	837.271333594958	-1.300000000000
3120.000000000000	992999.999999999998	-3006.301538501642	834.596345308713	-1.300000000000
3120.000000000000	993999.999999999998	-3006.301538501642	834.596345308713	-1.300000000000
3120.000000000000	994999.999999999998	-3006.301538501642	834.596345308713	-1.300000000000
3120.000000000000	995999.999999999998	-3006.301538501642	834.596345308713	-1.300000000000
3110.000000000000	996999.999999999998	-2995.832537096248	834.917606519026	-1.299000000000
3110.000000000000	997999.999999999998	-2995.832537096248	834.917606519026	-1.299000000000
3110.000000000000	998999.999999999998	-2995.832537096248	834.917606519026	-1.299000000000
3100.000000000000	1000000.000000000000	-2986.199635047707	832.232983990026	-1.299000000000
