1150000.000000000000	1000.000000000000	-1149454.705196300990	35410.177944836039	-1.540000000000
629999.999999999999	2000.000000000000	-619731.513331104302	113282.175933989740	-1.390000000000
449999.999999999999	3000.000000000000	-433601.183437736821	120374.472881064313	-1.300000000000
359999.999999999999	4000.000000000000	-344885.709704120992	103217.475467503987	-1.280000000000
290000.000000000000	5000.000000000000	-279431.873770985985	77574.660301130338	-1.300000000000
260000.000000000000	6000.000000000000	-249817.116693578893	72051.427514704977	-1.290000000000
230000.000000000000	7000.000000000000	-219673.196784479223	68144.600772823309	-1.270000000000
210000.000000000000	8000.000000000000	-201183.330660737236	60210.194022710661	-1.280000000000
190000.000000000000	9000.000000000000	-181469.162561091536	56293.365855810560	-1.270000000000
180000.000000000000	10000.000000000000	-171918.154005244607	53330.557126557374	-1.270000000000
160000.000000000000	11000.000000000000	-153282.537646275974	45874.433541112885	-1.280000000000
150000.000000000000	12000.000000000000	-142813.551238577376	45872.536256743398	-1.260000000000
140000.000000000000	13000.000000000000	-134122.220440491481	40140.129348473769	-1.280000000000
140000.000000000000	14000.000000000000	-133714.119781856920	41479.322209544625	-1.270000000000
130000.000000000000	15000.000000000000	-124163.111226009991	38516.513480291433	-1.270000000000
120000.000000000000	16000.000000000000	-114612.102670163076	35553.704751038247	-1.270000000000
120000.000000000000	17000.000000000000	-114612.102670163076	35553.704751038247	-1.270000000000
111000.000000000000	18000.000000000000	-106016.194969900840	32887.176894710377	-1.270000000000
106900.000000000000	19000.000000000000	-102350.390970242646	30854.618264345325	-1.278000000000
101800.000000000000	20000.000000000000	-97168.749894539884	30355.790945589870	-1.268000000000
99900.000000000000	21000.000000000000	-95648.307370694485	28834.203597830663	-1.278000000000
95700.000000000000	22000.000000000000	-91764.021073669515	27163.476147046033	-1.283000000000
91700.000000000000	23000.000000000000	-88108.575387696866	25411.984242686329	-1.290000000000
88800.000000000000	24000.000000000000	-84599.766288768762	26987.396018988264	-1.262000000000
87000.000000000000	25000.000000000000	-83347.379845162562	24944.223237980128	-1.280000000000
82300.000000000000	26000.000000000000	-79099.493290016166	22727.959901026934	-1.291000000000
79500.000000000000	27000.000000000000	-76275.277687672846	22412.764525341307	-1.285000000000
78600.000000000000	28000.000000000000	-75839.853281467163	20646.468323796584	-1.305000000000
76400.000000000000	29000.000000000000	-73697.003863929989	20142.284415623973	-1.304000000000
74600.000000000000	30000.000000000000	-71861.449282115776	20027.284066340631	-1.299000000000
72600.000000000000	31000.000000000000	-70012.270624547731	19210.464908353733	-1.303000000000
71200.000000000000	32000.000000000000	-68528.610496457521	19320.184870358073	-1.296000000000
69200.000000000000	33000.000000000000	-66715.114887661766	18377.525555038446	-1.302000000000
67600.000000000000	34000.000000000000	-65208.343733006113	17822.230713300796	-1.304000000000
65800.000000000000	35000.000000000000	-63506.595269451107	17220.695609705515	-1.306000000000
63900.000000000000	36000.000000000000	-61869.054294231995	15982.181351035086	-1.318000000000
63200.000000000000	37000.000000000000	-61030.174593803640	16418.215160298150	-1.308000000000
61600.000000000000	38000.000000000000	-59548.641088228003	15764.496330216314	-1.312000000000
60100.000000000000	39000.000000000000	-58083.183342442353	15438.711500906644	-1.311000000000
58900.000000000000	40000.000000000000	-56968.587689914100	14959.612849822262	-1.314000000000
57300.000000000000	41000.000000000000	-55391.836596679619	14664.052592879787	-1.312000000000
56600.000000000000	42000.000000000000	-54552.506457095493	15085.888745730383	-1.301000000000
55700.000000000000	43000.000000000000	-54039.399584043400	13499.381193080302	-1.326000000000
54600.000000000000	44000.000000000000	-52878.267643135434	13603.264720681451	-1.319000000000
53600.000000000000	45000.000000000000	-51975.922656802140	13094.405827456323	-1.324000000000
52500.000000000000	46000.000000000000	-50909.252602278218	12825.677349654048	-1.324000000000
51600.000000000000	47000.000000000000	-50049.103345902658	12555.765777966535	-1.325000000000
50600.000000000000	48000.000000000000	-49103.686181874786	12214.254105427784	-1.327000000000
49900.000000000000	49000.000000000000	-48448.379875027094	11948.409412347295	-1.329000000000
49000.000000000000	50000.000000000000	-47586.270518131183	11685.326618252433	-1.330000000000
48300.000000000000	51000.000000000000	-46812.819490511858	11893.272524782787	-1.322000000000
47400.000000000000	52000.000000000000	-46110.431031783715	10981.263591368584	-1.337000000000
46800.000000000000	53000.000000000000	-45515.889667786068	10887.781580741119	-1.336000000000
45900.000000000000	54000.000000000000	-44608.348059329546	10812.274664366882	-1.333000000000
45300.000000000000	55000.000000000000	-44057.047050228823	10538.814222384031	-1.336000000000
44400.000000000000	56000.000000000000	-43222.713651272184	10156.624666695596	-1.340000000000
44000.000000000000	57000.000000000000	-42813.103934315957	10150.769995889943	-1.338000000000
43300.000000000000	58000.000000000000	-42151.880655407331	9904.996578106291	-1.340000000000
43100.000000000000	59000.000000000000	-41876.967997536311	10194.584411996368	-1.332000000000
42000.000000000000	60000.000000000000	-40961.902518533505	9280.223168769102	-1.348000000000
41900.000000000000	61000.000000000000	-40901.079675490109	9094.596273568704	-1.352000000000
41400.000000000000	62000.000000000000	-40421.965826634485	8945.651385471827	-1.353000000000
40900.000000000000	63000.000000000000	-39933.777833559186	8837.612117531346	-1.353000000000
40100.000000000000	64000.000000000000	-39073.109681085079	9016.767705219847	-1.344000000000
39400.000000000000	65000.000000000000	-38408.677388933320	8782.568031779911	-1.346000000000
38600.000000000000	66000.000000000000	-37513.774184969945	9092.675425807443	-1.333000000000
38600.000000000000	67000.000000000000	-37594.087861447428	8754.687765178771	-1.342000000000
37700.000000000000	68000.000000000000	-36768.183927350314	8330.105082442742	-1.348000000000
37500.000000000000	69000.000000000000	-36581.394874291080	8249.336279434248	-1.349000000000
36900.000000000000	70000.000000000000	-36012.255247116111	8045.338527157090	-1.351000000000
36500.000000000000	71000.000000000000	-35629.818810391145	7922.500333777033	-1.352000000000
35900.000000000000	72000.000000000000	-35059.637595004002	7722.163667456312	-1.354000000000
35500.000000000000	73000.000000000000	-34706.748057957324	7462.683112760133	-1.359000000000
35100.000000000000	74000.000000000000	-34359.339741137468	7172.570846850616	-1.365000000000
34900.000000000000	75000.000000000000	-34037.390426114747	7711.423537858134	-1.348000000000
34100.000000000000	76000.000000000000	-33330.846185200215	7201.714558250993	-1.358000000000
34000.000000000000	77000.000000000000	-33261.558207825081	7047.605663447969	-1.362000000000
33400.000000000000	78000.000000000000	-32646.635266442438	7053.878775530298	-1.358000000000
33400.000000000000	79000.000000000000	-32681.496431273805	6890.558106034475	-1.363000000000
33000.000000000000	80000.000000000000	-32350.065025053827	6517.153740306344	-1.372000000000
32400.000000000000	81000.000000000000	-31696.308409809782	6715.953632226888	-1.362000000000
32100.000000000000	82000.000000000000	-31362.336449821367	6842.064922828924	-1.356000000000
31800.000000000000	83000.000000000000	-31069.230501692196	6778.120390839868	-1.356000000000
31600.000000000000	84000.000000000000	-30946.047592185554	6395.477966671976	-1.367000000000
31100.000000000000	85000.000000000000	-30450.085429568266	6324.736937770176	-1.366000000000
30500.000000000000	86000.000000000000	-29837.574274666618	6322.116845151854	-1.362000000000
30500.000000000000	87000.000000000000	-29862.623974335438	6202.716289453067	-1.366000000000
30400.000000000000	88000.000000000000	-29770.881227925343	6152.611714773041	-1.367000000000
29900.000000000000	89000.000000000000	-29311.119522700286	5904.936267732111	-1.372000000000
29900.000000000000	90000.000000000000	-29287.265351971764	6022.133193744066	-1.368000000000
29400.000000000000	91000.000000000000	-28791.575924375167	5950.223171523928	-1.367000000000
29300.000000000000	92000.000000000000	-28717.135719178743	5815.162601876957	-1.371000000000
28800.000000000000	93000.000000000000	-28271.905881003200	5489.930587511713	-1.379000000000
28600.000000000000	94000.000000000000	-28025.370556000365	5704.262020530584	-1.370000000000
28300.000000000000	95000.000000000000	-27770.229388158026	5450.170614676583	-1.377000000000
28000.000000000000	96000.000000000000	-27470.439199062508	5419.868099004811	-1.376000000000
27800.000000000000	97000.000000000000	-27321.546916677504	5135.472137962579	-1.385000000000
27400.000000000000	98000.000000000000	-26907.969438721946	5169.253397233084	-1.381000000000
27300.000000000000	99000.000000000000	-26835.181879575954	5016.274861894869	-1.386000000000
27100.000000000000	100000.000000000000	-26638.587140531439	4979.525595507361	-1.386000000000
26600.000000000000	101000.000000000000	-26156.823297079216	4835.348488513943	-1.388000000000
26400.000000000000	102000.000000000000	-25940.751853023405	4902.794437855075	-1.384000000000
26200.000000000000	103000.000000000000	-25739.352482292783	4891.393849639231	-1.383000000000
25900.000000000000	104000.000000000000	-25430.006436644115	4911.697530613913	-1.380000000000
25800.000000000000	105000.000000000000	-25351.189310909238	4791.367291540187	-1.384000000000
25600.000000000000	106000.000000000000	-25149.901662087603	4779.377196594058	-1.383000000000
25100.000000000000	107000.000000000000	-24668.015381604509	4636.703261253982	-1.385000000000
25000.000000000000	108000.000000000000	-24574.342380564060	4593.658298438525	-1.386000000000
24800.000000000000	109000.000000000000	-24382.292360919309	4532.529010018126	-1.387000000000
24700.000000000000	110000.000000000000	-24270.324650366594	4587.084189962891	-1.384000000000
24400.000000000000	111000.000000000000	-23975.543379309511	4531.370616805448	-1.384000000000
24300.000000000000	112000.000000000000	-23881.783815656956	4488.919890377362	-1.385000000000
24100.000000000000	113000.000000000000	-23685.225924170067	4451.974047658206	-1.385000000000
23900.000000000000	114000.000000000000	-23479.791004839597	4461.996679632733	-1.383000000000
23800.000000000000	115000.000000000000	-23385.980837195344	4419.943470490560	-1.384000000000
23500.000000000000	116000.000000000000	-23091.199566138261	4364.229897333115	-1.384000000000
23400.000000000000	117000.000000000000	-23005.872630867412	4276.660436871942	-1.387000000000
23200.000000000000	118000.000000000000	-22813.469943317210	4217.296426072311	-1.388000000000
23000.000000000000	119000.000000000000	-22616.802098978267	4180.940422399274	-1.388000000000
22800.000000000000	120000.000000000000	-22424.267628301095	4122.162215916248	-1.389000000000
22400.000000000000	121000.000000000000	-22010.334905595617	4159.946795755821	-1.384000000000
22700.000000000000	122000.000000000000	-22338.127339957886	4037.086442451532	-1.392000000000
22200.000000000000	123000.000000000000	-21775.825865914056	4318.959117355515	-1.375000000000
22200.000000000000	124000.000000000000	-21830.130721622503	4035.516407707126	-1.388000000000
22000.000000000000	125000.000000000000	-21645.362989989517	3934.242116544453	-1.391000000000
22200.000000000000	126000.000000000000	-21902.860700126206	3620.040490224790	-1.407000000000
21600.000000000000	127000.000000000000	-21240.127188605678	3926.448396688014	-1.388000000000
21500.000000000000	128000.000000000000	-21137.874425796981	3929.410230459263	-1.387000000000
21500.000000000000	129000.000000000000	-21153.422922035210	3844.827522986624	-1.391000000000
21400.000000000000	130000.000000000000	-21077.617448808854	3700.546268008063	-1.397000000000
21200.000000000000	131000.000000000000	-20858.258881262624	3791.178766851927	-1.391000000000
21000.000000000000	132000.000000000000	-20680.001572492754	3652.059003041595	-1.396000000000
20900.000000000000	133000.000000000000	-20581.525374528504	3634.668245884254	-1.396000000000
20700.000000000000	134000.000000000000	-20373.681604095171	3661.024159296690	-1.393000000000
20500.000000000000	135000.000000000000	-20180.450001762758	3605.473301295353	-1.394000000000
20400.000000000000	136000.000000000000	-20067.496622150044	3668.184744529191	-1.390000000000
20200.000000000000	137000.000000000000	-19885.126343200372	3552.710277373958	-1.394000000000
20100.000000000000	138000.000000000000	-19786.685123679581	3535.122602733492	-1.394000000000
20000.000000000000	139000.000000000000	-19691.751594379493	3497.844928702923	-1.395000000000
19900.000000000000	140000.000000000000	-19593.292836407596	3480.355704059408	-1.395000000000
19700.000000000000	141000.000000000000	-19389.445777810379	3484.163088799266	-1.393000000000
19600.000000000000	142000.000000000000	-19291.022195181900	3466.476981749523	-1.393000000000
19500.000000000000	143000.000000000000	-19196.037806554817	3429.596554890702	-1.394000000000
19400.000000000000	144000.000000000000	-19100.999046548106	3392.909580841835	-1.395000000000
19200.000000000000	145000.000000000000	-18920.634815778434	3263.369143684628	-1.400000000000
19100.000000000000	146000.000000000000	-18805.622772632414	3340.441906911291	-1.395000000000
19000.000000000000	147000.000000000000	-18710.477613207731	3304.243859894776	-1.396000000000
18900.000000000000	148000.000000000000	-18608.705256688620	3305.463457624262	-1.395000000000
18800.000000000000	149000.000000000000	-18506.949269909259	3306.482832407446	-1.394000000000
18600.000000000000	150000.000000000000	-18326.194424772588	3179.716639173075	-1.399000000000
18500.000000000000	151000.000000000000	-18224.494763063871	3180.847470574086	-1.398000000000
18400.000000000000	152000.000000000000	-18125.983980560821	3163.653700462875	-1.398000000000
18300.000000000000	153000.000000000000	-18021.144227457971	3182.508559793390	-1.396000000000
18200.000000000000	154000.000000000000	-17928.962415554724	3129.266160240452	-1.398000000000
18100.000000000000	155000.000000000000	-17827.330645955153	3129.901282754483	-1.397000000000
18000.000000000000	156000.000000000000	-17728.837106474737	3112.609010474072	-1.397000000000
17900.000000000000	157000.000000000000	-17633.430068045582	3077.684849906818	-1.398000000000
17800.000000000000	158000.000000000000	-17537.971008653338	3042.954633187136	-1.399000000000
17700.000000000000	159000.000000000000	-17439.443081638430	3025.859382438894	-1.399000000000
17600.000000000000	160000.000000000000	-17343.915247796900	2991.421715044242	-1.400000000000
17500.000000000000	161000.000000000000	-17245.370274798053	2974.425000754218	-1.400000000000
17400.000000000000	162000.000000000000	-17140.876155530343	2991.715999350762	-1.398000000000
17300.000000000000	163000.000000000000	-17045.331373578807	2957.478379445924	-1.399000000000
17200.000000000000	164000.000000000000	-16949.735355801513	2923.434857884146	-1.400000000000
17100.000000000000	165000.000000000000	-16851.190382802670	2906.438143594122	-1.400000000000
17000.000000000000	166000.000000000000	-16755.526474429545	2872.687341965805	-1.401000000000
16900.000000000000	167000.000000000000	-16651.219665519180	2889.097376452955	-1.399000000000
16800.000000000000	168000.000000000000	-16552.691738504272	2872.002125704713	-1.399000000000
16700.000000000000	169000.000000000000	-16457.010490807283	2838.451286434025	-1.400000000000
16600.000000000000	170000.000000000000	-16358.465517808438	2821.454572144001	-1.400000000000
16500.000000000000	171000.000000000000	-16259.920544809593	2804.457857853977	-1.400000000000
16400.000000000000	172000.000000000000	-16164.154951802620	2771.298376955247	-1.401000000000
16400.000000000000	173000.000000000000	-16164.154951802620	2771.298376955247	-1.401000000000
16300.000000000000	174000.000000000000	-16071.069696949155	2722.263542679615	-1.403000000000
16200.000000000000	175000.000000000000	-15969.760629011125	2721.533658084394	-1.402000000000
16100.000000000000	176000.000000000000	-15871.181859696240	2704.734067602392	-1.402000000000
16000.000000000000	177000.000000000000	-15767.195679815362	2719.474286403857	-1.400000000000
15900.000000000000	178000.000000000000	-15668.650706816516	2702.477572113833	-1.400000000000
15900.000000000000	179000.000000000000	-15671.345349613517	2686.807572779782	-1.401000000000
15800.000000000000	180000.000000000000	-15575.445551751591	2654.335296156384	-1.402000000000
15700.000000000000	181000.000000000000	-15484.709731836538	2591.093306071165	-1.405000000000
15600.000000000000	182000.000000000000	-15383.498725292120	2589.974318200032	-1.404000000000
15500.000000000000	183000.000000000000	-15279.709243806939	2603.936524710377	-1.402000000000
15500.000000000000	184000.000000000000	-15292.537876214243	2527.505747679470	-1.407000000000
15400.000000000000	185000.000000000000	-15186.274382660169	2556.769519248750	-1.404000000000
15300.000000000000	186000.000000000000	-15090.194834210130	2525.078189992919	-1.405000000000
15200.000000000000	187000.000000000000	-14991.566109803527	2508.574410973357	-1.405000000000
15200.000000000000	188000.000000000000	-14986.518981204121	2538.552506057064	-1.403000000000
15100.000000000000	189000.000000000000	-14885.394166547407	2536.738162782367	-1.402000000000
15100.000000000000	190000.000000000000	-14890.437868712244	2506.962320821826	-1.404000000000
14900.000000000000	191000.000000000000	-14695.679936583721	2459.063073914673	-1.405000000000
14800.000000000000	192000.000000000000	-14592.136902751379	2471.748492739773	-1.403000000000
14800.000000000000	193000.000000000000	-14597.051212177119	2442.559294895111	-1.405000000000
14700.000000000000	194000.000000000000	-14500.841293671410	2411.555882776528	-1.406000000000
14600.000000000000	195000.000000000000	-14399.793763363914	2409.551736855988	-1.405000000000
14600.000000000000	196000.000000000000	-14402.196114802897	2395.150740716823	-1.406000000000
14500.000000000000	197000.000000000000	-14301.165038957311	2393.047957836427	-1.405000000000
14400.000000000000	198000.000000000000	-14204.905757065871	2362.340456597415	-1.406000000000
14400.000000000000	199000.000000000000	-14197.754824298639	2404.944479422482	-1.403000000000
14300.000000000000	200000.000000000000	-14106.260578197358	2345.935314537710	-1.406000000000
14200.000000000000	201000.000000000000	-14007.615399328844	2329.530172478006	-1.406000000000
14200.000000000000	202000.000000000000	-14005.278865737506	2343.536620777742	-1.405000000000
14100.000000000000	203000.000000000000	-13904.316155552493	2340.938326065414	-1.404000000000
14000.000000000000	204000.000000000000	-13808.021416924301	2310.529062738619	-1.405000000000
14000.000000000000	205000.000000000000	-13808.021416924301	2310.529062738619	-1.405000000000
13900.000000000000	206000.000000000000	-13709.392692517698	2294.025283719057	-1.405000000000
13800.000000000000	207000.000000000000	-13617.535273984433	2236.679025204490	-1.408000000000
13800.000000000000	208000.000000000000	-13615.291786564940	2250.295439869464	-1.407000000000
13700.000000000000	209000.000000000000	-13514.389504986280	2247.504462179485	-1.406000000000
13700.000000000000	210000.000000000000	-13512.135243704495	2261.017725679934	-1.405000000000
13600.000000000000	211000.000000000000	-13413.506519297893	2244.513946660372	-1.405000000000
13500.000000000000	212000.000000000000	-13317.099147249255	2214.694178060076	-1.406000000000
13500.000000000000	213000.000000000000	-13321.501898463033	2188.055568134827	-1.408000000000
13400.000000000000	214000.000000000000	-13218.453968380742	2198.289036000372	-1.406000000000
13400.000000000000	215000.000000000000	-13222.824106622566	2171.847749111606	-1.408000000000
13300.000000000000	216000.000000000000	-13119.808789512228	2181.883893940668	-1.406000000000
13300.000000000000	217000.000000000000	-13119.808789512228	2181.883893940668	-1.406000000000
13200.000000000000	218000.000000000000	-13025.468522941632	2139.432111065164	-1.408000000000
13200.000000000000	219000.000000000000	-13023.322578453421	2152.456507701227	-1.407000000000
13100.000000000000	220000.000000000000	-12920.362897264882	2161.995051562565	-1.405000000000
13000.000000000000	221000.000000000000	-12825.999509082914	2119.843530311814	-1.407000000000
13000.000000000000	222000.000000000000	-12825.999509082914	2119.843530311814	-1.407000000000
12900.000000000000	223000.000000000000	-12727.337974397660	2103.537041617108	-1.407000000000
12900.000000000000	224000.000000000000	-12731.519591008715	2078.078175565412	-1.409000000000
12800.000000000000	225000.000000000000	-12630.757355579764	2074.600834972280	-1.408000000000
12800.000000000000	226000.000000000000	-12626.582895169664	2099.858183642146	-1.406000000000
12700.000000000000	227000.000000000000	-12527.937716301150	2083.453041582442	-1.406000000000
12600.000000000000	228000.000000000000	-12429.292537432637	2067.047899522738	-1.406000000000
12600.000000000000	229000.000000000000	-12429.292537432637	2067.047899522738	-1.406000000000
12500.000000000000	230000.000000000000	-12328.590550825269	2062.972377445195	-1.405000000000
12500.000000000000	231000.000000000000	-12334.723980058363	2025.977377902617	-1.408000000000
12500.000000000000	232000.000000000000	-12332.691835656648	2038.311086838283	-1.407000000000
12400.000000000000	233000.000000000000	-12232.002179695612	2034.237615403330	-1.406000000000
12300.000000000000	234000.000000000000	-12141.331242470360	1969.283032124425	-1.410000000000
12300.000000000000	235000.000000000000	-12133.357000827098	2017.832473343625	-1.406000000000
12300.000000000000	236000.000000000000	-12135.368766286141	2005.698109448870	-1.407000000000
12200.000000000000	237000.000000000000	-12036.707231600889	1989.391620754164	-1.407000000000
12200.000000000000	238000.000000000000	-12034.711821958585	2001.427331283921	-1.406000000000
12100.000000000000	239000.000000000000	-11936.066643090073	1985.022189224217	-1.406000000000
12000.000000000000	240000.000000000000	-11843.274038147641	1933.095977270151	-1.409000000000
12000.000000000000	241000.000000000000	-11841.335020856030	1944.938282786513	-1.408000000000
12000.000000000000	242000.000000000000	-11837.421464221559	1968.617047164512	-1.406000000000
11900.000000000000	243000.000000000000	-11746.491202064819	1905.241307502492	-1.410000000000
11900.000000000000	244000.000000000000	-11744.580087829745	1916.986844126233	-1.409000000000
11800.000000000000	245000.000000000000	-11642.061092859876	1924.165665975339	-1.407000000000
11800.000000000000	246000.000000000000	-11643.979437175096	1912.522644740071	-1.408000000000
11700.000000000000	247000.000000000000	-11547.192187193950	1884.768577838397	-1.409000000000
11700.000000000000	248000.000000000000	-11543.399558174622	1907.859177280633	-1.407000000000
11600.000000000000	249000.000000000000	-11444.738023489370	1891.552688585926	-1.407000000000
11600.000000000000	250000.000000000000	-11442.840748747507	1902.996478925695	-1.406000000000
11600.000000000000	251000.000000000000	-11446.623853494162	1880.107006693629	-1.408000000000
11500.000000000000	252000.000000000000	-11346.076488804116	1875.246199891220	-1.407000000000
11500.000000000000	253000.000000000000	-11349.804286558157	1852.550311550561	-1.409000000000
11500.000000000000	254000.000000000000	-11349.804286558157	1852.550311550561	-1.409000000000
11400.000000000000	255000.000000000000	-11247.414954118864	1858.939711196514	-1.407000000000
11300.000000000000	256000.000000000000	-11148.753419433609	1842.633222501807	-1.407000000000
11300.000000000000	257000.000000000000	-11150.590477972761	1831.483549623966	-1.408000000000
11300.000000000000	258000.000000000000	-11152.416385922363	1820.332045262725	-1.409000000000
11200.000000000000	259000.000000000000	-11048.260033273455	1837.375910686878	-1.406000000000
11200.000000000000	260000.000000000000	-11050.091884748357	1826.326733807101	-1.407000000000
11200.000000000000	261000.000000000000	-11053.722435604466	1804.222912118807	-1.409000000000
11100.000000000000	262000.000000000000	-10951.430350063103	1810.020245112395	-1.407000000000
11100.000000000000	263000.000000000000	-10953.234894291827	1799.067911577524	-1.408000000000
11000.000000000000	264000.000000000000	-10854.557102451361	1782.860092554303	-1.408000000000
10970.000000000000	265000.000000000000	-10824.953764899221	1777.997746847337	-1.408000000000
10960.000000000000	266000.000000000000	-10815.085985715174	1776.376964945015	-1.408000000000
10930.000000000000	267000.000000000000	-10785.482648163033	1771.514619238049	-1.408000000000
10860.000000000000	268000.000000000000	-10716.408193874706	1760.169145921794	-1.408000000000
10840.000000000000	269000.000000000000	-10696.672635506613	1756.927582117150	-1.408000000000
10800.000000000000	270000.000000000000	-10657.201518770426	1750.444454507862	-1.408000000000
10770.000000000000	271000.000000000000	-10627.598181218285	1745.582108800895	-1.408000000000
10710.000000000000	272000.000000000000	-10566.650364790616	1746.424939203041	-1.407000000000
10690.000000000000	273000.000000000000	-10548.655947745912	1732.615853582319	-1.408000000000
10650.000000000000	274000.000000000000	-10512.616075797507	1705.110918058953	-1.410000000000
10610.000000000000	275000.000000000000	-10471.428128728874	1709.179026569692	-1.409000000000
10590.000000000000	276000.000000000000	-10449.978155905446	1716.408034559098	-1.408000000000
10540.000000000000	277000.000000000000	-10400.639259985212	1708.304125047487	-1.408000000000
10510.000000000000	278000.000000000000	-10371.035922433073	1703.441779340521	-1.408000000000
10470.000000000000	279000.000000000000	-10333.256598283817	1686.626240168207	-1.409000000000
10490.000000000000	280000.000000000000	-10342.670007423107	1751.935249245961	-1.403000000000
10390.000000000000	281000.000000000000	-10254.301438029501	1673.738933653072	-1.409000000000
10350.000000000000	282000.000000000000	-10209.776012891094	1697.932203179392	-1.406000000000
10330.000000000000	283000.000000000000	-10191.736532986653	1684.460282163157	-1.407000000000
10300.000000000000	284000.000000000000	-10165.476882743393	1659.240713823546	-1.409000000000
10260.000000000000	285000.000000000000	-10122.673458706977	1673.045740076862	-1.407000000000
10240.000000000000	286000.000000000000	-10104.605884463812	1659.680667977824	-1.408000000000
10200.000000000000	287000.000000000000	-10066.782932425496	1643.131580679628	-1.409000000000
10160.000000000000	288000.000000000000	-10024.011924021723	1656.739251382156	-1.407000000000
10130.000000000000	289000.000000000000	-9996.060313439299	1641.852067052281	-1.408000000000
10100.000000000000	290000.000000000000	-9966.456975887158	1636.989721345315	-1.408000000000
10060.000000000000	291000.000000000000	-9925.350389336470	1640.432762687450	-1.407000000000
10040.000000000000	292000.000000000000	-9907.250300782878	1627.265029931382	-1.408000000000
9990.000000000000	293000.000000000000	-9857.911404862645	1619.161120419772	-1.408000000000
9970.000000000000	294000.000000000000	-9836.555008119742	1625.756922862214	-1.407000000000
9940.000000000000	295000.000000000000	-9810.178661598964	1601.247834505441	-1.409000000000
9900.000000000000	296000.000000000000	-9767.491933840065	1614.342380775920	-1.407000000000
9870.000000000000	297000.000000000000	-9737.893473434489	1609.450434167508	-1.407000000000
9850.000000000000	298000.000000000000	-9718.161166497439	1606.189136428567	-1.407000000000
9810.000000000000	298999.999999999999	-9680.291379549804	1589.987046177974	-1.408000000000
9780.000000000000	299999.999999999999	-9649.098092217760	1594.774594342272	-1.407000000000
9750.000000000000	300999.999999999999	-9619.499631812185	1589.882647733860	-1.407000000000
9710.000000000000	301999.999999999999	-9580.035017938084	1583.360052255978	-1.407000000000
9690.000000000000	302999.999999999999	-9560.302711001033	1580.098754517037	-1.407000000000
9670.000000000000	303999.999999999999	-9540.570404063983	1576.837456778095	-1.407000000000
9620.000000000000	304999.999999999999	-9492.803575052916	1559.192190033854	-1.408000000000
9600.000000000000	305999.999999999999	-9469.937171377247	1574.893637731610	-1.406000000000
9570.000000000000	306999.999999999999	-9441.908869378729	1560.530968083389	-1.407000000000
9530.000000000000	307999.999999999999	-9402.444255504628	1554.008372605507	-1.407000000000
9500.000000000000	308999.999999999999	-9372.845795099052	1549.116425997095	-1.407000000000
9490.000000000000	309999.999999999999	-9362.979641630527	1547.485777127624	-1.407000000000
9450.000000000000	310999.999999999999	-9325.051328924123	1531.638897694379	-1.408000000000
9440.000000000000	311999.999999999999	-9312.104885187628	1548.645410436083	-1.406000000000
9390.000000000000	312999.999999999999	-9262.782295753370	1540.442839406231	-1.406000000000
9370.000000000000	313999.999999999999	-9244.585800008223	1527.917990693977	-1.407000000000
9330.000000000000	314999.999999999999	-9205.121186134122	1521.395395216094	-1.407000000000
9310.000000000000	315999.999999999999	-9185.388879197071	1518.134097477153	-1.407000000000
9290.000000000000	316999.999999999999	-9165.656572260021	1514.872799738212	-1.407000000000
9260.000000000000	317999.999999999999	-9134.543563224302	1519.116154728615	-1.406000000000
9220.000000000000	318999.999999999999	-9093.568390288718	1521.648425603576	-1.405000000000
9200.000000000000	319999.999999999999	-9075.356455903195	1509.273069492793	-1.406000000000
9180.000000000000	320999.999999999999	-9054.116900526078	1515.046913995752	-1.405000000000
9150.000000000000	321999.999999999999	-9026.033866468939	1501.070498462941	-1.406000000000
9130.000000000000	322999.999999999999	-9004.802538322776	1506.795024485971	-1.405000000000
9090.000000000000	323999.999999999999	-8966.846759147831	1491.227413227118	-1.406000000000
9070.000000000000	324999.999999999999	-8945.625303678815	1496.892757074234	-1.405000000000
9050.000000000000	325999.999999999999	-8928.868889015413	1475.737226870917	-1.407000000000
9020.000000000000	326999.999999999999	-8897.795133939871	1479.743813785325	-1.406000000000
8990.000000000000	327999.999999999999	-8869.671968204260	1465.953333654093	-1.407000000000
8970.000000000000	328999.999999999999	-8846.996579272212	1480.388978054672	-1.405000000000
8940.000000000000	329999.999999999999	-8818.878990845062	1466.619700137562	-1.406000000000
8910.000000000000	330999.999999999999	-8789.285437184508	1461.698157519651	-1.406000000000
8880.000000000000	331999.999999999999	-8759.691883523954	1456.776614901739	-1.406000000000
8860.000000000000	332999.999999999999	-8739.962847750252	1453.495586489798	-1.406000000000
8840.000000000000	333999.999999999999	-8720.233811976548	1450.214558077857	-1.406000000000
8810.000000000000	334999.999999999999	-8692.081205770806	1436.601654003622	-1.407000000000
8790.000000000000	335999.999999999999	-8670.911222542292	1442.011987048005	-1.406000000000
8770.000000000000	336999.999999999999	-8649.739130459009	1447.381420015549	-1.405000000000
8750.000000000000	337999.999999999999	-8631.453150994887	1435.449930224124	-1.406000000000
8710.000000000000	338999.999999999999	-8590.561895815048	1437.479152603812	-1.405000000000
8690.000000000000	339999.999999999999	-8570.836150933726	1434.178396799900	-1.405000000000
8660.000000000000	340999.999999999999	-8541.247533611746	1429.227263094031	-1.405000000000
8640.000000000000	341999.999999999999	-8522.943454239523	1417.404273958449	-1.406000000000
8610.000000000000	342999.999999999999	-8491.933171408446	1420.975373584251	-1.405000000000
8590.000000000000	343999.999999999999	-8472.207426527126	1417.674617780338	-1.405000000000
8570.000000000000	344999.999999999999	-8452.481681645804	1414.373861976426	-1.405000000000
8550.000000000000	345999.999999999999	-8432.755936764484	1411.073106172514	-1.405000000000
8530.000000000000	346999.999999999999	-8411.618213252679	1416.184675272197	-1.404000000000
8500.000000000000	347999.999999999999	-8383.441574561182	1402.821216662733	-1.405000000000
8480.000000000000	348999.999999999999	-8363.715829679862	1399.520460858821	-1.405000000000
8450.000000000000	349999.999999999999	-8332.728476199898	1402.902755691684	-1.404000000000
8420.000000000000	350999.999999999999	-8304.538595035901	1389.618193447084	-1.405000000000
8410.000000000000	351999.999999999999	-8293.283607673507	1396.261795901428	-1.404000000000
8400.000000000000	352999.999999999999	-8283.422390541911	1394.601555953864	-1.404000000000
8360.000000000000	353999.999999999999	-8245.361360391940	1379.715926035347	-1.405000000000
8340.000000000000	354999.999999999999	-8225.635615510619	1376.415170231434	-1.405000000000
8320.000000000000	355999.999999999999	-8204.532653489130	1381.319636373350	-1.404000000000
8290.000000000000	356999.999999999999	-8174.949002094339	1376.338916530658	-1.404000000000
8280.000000000000	357999.999999999999	-8165.087784962740	1374.678676583094	-1.404000000000
8240.000000000000	358999.999999999999	-8125.642916436351	1368.037716792837	-1.404000000000
8240.000000000000	359999.999999999999	-8124.270816126445	1376.162674336198	-1.403000000000
8220.000000000000	360999.999999999999	-8105.920482173155	1364.717236897709	-1.404000000000
8190.000000000000	361999.999999999999	-8077.692528900717	1351.659501702092	-1.405000000000
8160.000000000000	362999.999999999999	-8045.394400435896	1362.801871672740	-1.403000000000
8140.000000000000	363999.999999999999	-8027.030745120375	1351.435317317196	-1.404000000000
8120.000000000000	364999.999999999999	-8007.308310857180	1348.114837422068	-1.404000000000
8100.000000000000	365999.999999999999	-7988.926676934774	1336.806100584487	-1.405000000000
8080.000000000000	366999.999999999999	-7966.517984745348	1349.441069009282	-1.403000000000
8050.000000000000	367999.999999999999	-7938.279790935998	1336.493157789119	-1.404000000000
8040.000000000000	368999.999999999999	-7925.733052916632	1350.687074752996	-1.402000000000
8020.000000000000	369999.999999999999	-7907.360672977437	1339.420467011688	-1.403000000000
8000.000000000000	370999.999999999999	-7887.641569054800	1336.080266345823	-1.403000000000
7980.000000000000	371999.999999999999	-7867.922465132163	1332.740065679959	-1.403000000000
7950.000000000000	372999.999999999999	-7838.343809248207	1327.729764681162	-1.403000000000
7940.000000000000	373999.999999999999	-7825.816482762976	1341.713970306382	-1.401000000000
7920.000000000000	374999.999999999999	-7807.438529738772	1330.527566174593	-1.402000000000
7900.000000000000	375999.999999999999	-7787.722775875795	1327.167648078192	-1.402000000000
7880.000000000000	376999.999999999999	-7768.007022012818	1323.807729981792	-1.402000000000
7860.000000000000	377999.999999999999	-7748.291268149842	1320.447811885391	-1.402000000000
7840.000000000000	378999.999999999999	-7727.254562325155	1324.815809471289	-1.401000000000
7820.000000000000	379999.999999999999	-7708.859760423888	1313.727975692590	-1.402000000000
7800.000000000000	380999.999999999999	-7689.144006560912	1310.368057596190	-1.402000000000
7780.000000000000	381999.999999999999	-7669.428252697935	1307.008139499789	-1.402000000000
7770.000000000000	382999.999999999999	-7658.261218018681	1312.987096886724	-1.401000000000
7740.000000000000	383999.999999999999	-7628.692641887334	1307.917648636196	-1.401000000000
7720.000000000000	384999.999999999999	-7608.980257799771	1304.538016469177	-1.401000000000
7710.000000000000	385999.999999999999	-7599.124065755988	1302.848200385668	-1.401000000000
7680.000000000000	386999.999999999999	-7569.555489624642	1297.778752135140	-1.401000000000
7660.000000000000	387999.999999999999	-7548.544931711604	1301.948314615846	-1.400000000000
7650.000000000000	388999.999999999999	-7539.986913493296	1292.709303884612	-1.401000000000
7630.000000000000	389999.999999999999	-7520.274529405731	1289.329671717594	-1.401000000000
7600.000000000000	390999.999999999999	-7489.417947912297	1291.750286041832	-1.400000000000
7590.000000000000	391999.999999999999	-7480.849761230604	1282.570407383557	-1.401000000000
7570.000000000000	392999.999999999999	-7461.137377143039	1279.190775216538	-1.401000000000
7570.000000000000	393999.999999999999	-7461.137377143039	1279.190775216538	-1.401000000000
7550.000000000000	394999.999999999999	-7441.424993055475	1275.811143049519	-1.401000000000
7520.000000000000	395999.999999999999	-7410.581969513220	1278.152914609813	-1.400000000000
7510.000000000000	396999.999999999999	-7402.000224880347	1269.051878715482	-1.401000000000
7490.000000000000	397999.999999999999	-7381.018477613567	1273.053900322805	-1.400000000000
7470.000000000000	398999.999999999999	-7362.575456705218	1262.292614381445	-1.401000000000
7450.000000000000	399999.999999999999	-7341.600488414028	1266.255214606796	-1.400000000000
7430.000000000000	400999.999999999999	-7321.891493814259	1262.855871748791	-1.400000000000
7420.000000000000	401999.999999999999	-7312.036996514375	1261.156200319788	-1.400000000000
7400.000000000000	402999.999999999999	-7292.328001914605	1257.756857461784	-1.400000000000
7380.000000000000	403999.999999999999	-7272.619007314835	1254.357514603779	-1.400000000000
7360.000000000000	404999.999999999999	-7252.910012715067	1250.958171745774	-1.400000000000
7350.000000000000	405999.999999999999	-7243.055515415182	1249.258500316772	-1.400000000000
7330.000000000000	406999.999999999999	-7223.346520815413	1245.859157458767	-1.400000000000
7310.000000000000	407999.999999999999	-7203.637526215643	1242.459814600762	-1.400000000000
7290.000000000000	408999.999999999999	-7182.685879386676	1246.243779546867	-1.399000000000
7280.000000000000	409999.999999999999	-7172.833086685186	1244.534254472042	-1.399000000000
7260.000000000000	410999.999999999999	-7154.365039716221	1233.961457455750	-1.400000000000
7250.000000000000	411999.999999999999	-7144.510542416336	1232.261786026748	-1.400000000000
7230.000000000000	412999.999999999999	-7123.569123177732	1235.986629097921	-1.399000000000
7210.000000000000	413999.999999999999	-7103.863537774750	1232.567578948273	-1.399000000000
7200.000000000000	414999.999999999999	-7095.238055916913	1223.763428881736	-1.400000000000
7170.000000000000	415999.999999999999	-7063.223105468538	1232.793316973849	-1.398000000000
7160.000000000000	416999.999999999999	-7054.599574267298	1224.019953574151	-1.399000000000
7140.000000000000	417999.999999999999	-7033.669870717623	1227.635185940485	-1.398000000000
7130.000000000000	418999.999999999999	-7023.818792467318	1225.915808929364	-1.398000000000
7110.000000000000	419999.999999999999	-7004.116635966709	1222.477054907122	-1.398000000000
7100.000000000000	420999.999999999999	-6994.265557716404	1220.757677896001	-1.398000000000
7090.000000000000	421999.999999999999	-6983.191949161439	1226.022104681176	-1.397000000000
7070.000000000000	422999.999999999999	-6964.712322965490	1215.599546862637	-1.398000000000
7050.000000000000	423999.999999999999	-6945.010166464880	1212.160792840395	-1.398000000000
7030.000000000000	424999.999999999999	-6925.308009964270	1208.722038818153	-1.398000000000
7010.000000000000	425999.999999999999	-6904.397117577107	1212.188286856847	-1.397000000000
7000.000000000000	426999.999999999999	-6894.547763629065	1210.459059628806	-1.397000000000
6980.000000000000	427999.999999999999	-6874.849055732982	1207.000605172723	-1.397000000000
6970.000000000000	428999.999999999999	-6863.790998108309	1212.135773866663	-1.396000000000
6960.000000000000	429999.999999999999	-6856.350462212137	1196.686399740305	-1.398000000000
6940.000000000000	430999.999999999999	-6835.451639940816	1200.083696260559	-1.397000000000
6920.000000000000	431999.999999999999	-6816.946149210918	1189.808891695820	-1.398000000000
6910.000000000000	432999.999999999999	-6804.705279329759	1201.701319572258	-1.396000000000
6900.000000000000	433999.999999999999	-6796.054224148650	1193.166787348394	-1.397000000000
6870.000000000000	434999.999999999999	-6766.506162304525	1187.979105664271	-1.397000000000
6860.000000000000	435999.999999999999	-6755.467180347633	1193.005940993588	-1.396000000000
6860.000000000000	436999.999999999999	-6755.467180347633	1193.005940993588	-1.396000000000
6840.000000000000	437999.999999999999	-6734.579045277786	1196.262965616400	-1.395000000000
6830.000000000000	438999.999999999999	-6725.924320958357	1187.788713846385	-1.396000000000
6810.000000000000	439999.999999999999	-6706.229081365507	1184.310562414917	-1.396000000000
6790.000000000000	440999.999999999999	-6687.711330720193	1174.145287839942	-1.397000000000
6760.000000000000	441999.999999999999	-6655.812038900268	1182.271585901588	-1.395000000000
6770.000000000000	442999.999999999999	-6664.470561557750	1190.685573159490	-1.394000000000
6750.000000000000	443999.999999999999	-6647.143362586957	1173.876108120513	-1.396000000000
6730.000000000000	444999.999999999999	-6626.274411508699	1177.024818508534	-1.395000000000
6720.000000000000	445999.999999999999	-6616.428535711510	1175.275896044182	-1.395000000000
6700.000000000000	446999.999999999999	-6596.736784117130	1171.778051115479	-1.395000000000
6690.000000000000	447999.999999999999	-6586.890908319940	1170.029128651128	-1.395000000000
6670.000000000000	448999.999999999999	-6567.199156725561	1166.531283722425	-1.395000000000
6660.000000000000	449999.999999999999	-6556.185220084876	1171.339131054978	-1.394000000000
6650.000000000000	450999.999999999999	-6546.341098132796	1169.580363590932	-1.394000000000
6630.000000000000	451999.999999999999	-6527.815653536802	1159.535593865019	-1.395000000000
6630.000000000000	452999.999999999999	-6526.652854228638	1166.062828662839	-1.394000000000
6600.000000000000	453999.999999999999	-6497.120488372399	1160.786526270699	-1.394000000000
6600.000000000000	454999.999999999999	-6498.278026145233	1154.288826471965	-1.395000000000
6580.000000000000	455999.999999999999	-6477.432244468241	1157.268991342606	-1.394000000000
6560.000000000000	456999.999999999999	-6457.744000564082	1153.751456414513	-1.394000000000
6550.000000000000	457999.999999999999	-6447.899878612003	1151.992688950467	-1.394000000000
6530.000000000000	458999.999999999999	-6428.211634707844	1148.475154022374	-1.394000000000
6520.000000000000	459999.999999999999	-6417.217587376836	1153.134179643209	-1.393000000000
6510.000000000000	460999.999999999999	-6407.375229113989	1151.365568938234	-1.393000000000
6500.000000000000	461999.999999999999	-6396.380075318338	1155.993915239425	-1.392000000000
6480.000000000000	462999.999999999999	-6377.848154325445	1146.059736823312	-1.393000000000
6470.000000000000	463999.999999999999	-6366.858321124560	1150.658558707551	-1.392000000000
6450.000000000000	464999.999999999999	-6348.321079536901	1140.753904708389	-1.393000000000
6440.000000000000	465999.999999999999	-6337.336566930784	1145.323202175677	-1.392000000000
6430.000000000000	466999.999999999999	-6327.495982199525	1143.544749998385	-1.392000000000
6420.000000000000	467999.999999999999	-6317.655397468266	1141.766297821094	-1.392000000000
6410.000000000000	468999.999999999999	-6307.814812737007	1139.987845643803	-1.392000000000
6390.000000000000	469999.999999999999	-6288.133643274489	1136.430941289220	-1.392000000000
6380.000000000000	470999.999999999999	-6279.424571696966	1128.373629773569	-1.393000000000
6370.000000000000	471999.999999999999	-6268.452473811971	1132.874036934637	-1.392000000000
6360.000000000000	472999.999999999999	-6258.611889080712	1131.095584757345	-1.392000000000
6340.000000000000	473999.999999999999	-6238.930719618194	1127.538680402763	-1.392000000000
6330.000000000000	474999.999999999999	-6229.090134886935	1125.760228225471	-1.392000000000
6320.000000000000	475999.999999999999	-6219.249550155676	1123.981776048180	-1.392000000000
6300.000000000000	476999.999999999999	-6198.444856224271	1126.623878828639	-1.391000000000
6290.000000000000	477999.999999999999	-6187.478125162929	1131.023629563167	-1.390000000000
6280.000000000000	478999.999999999999	-6178.767253506098	1123.047295086326	-1.391000000000
6260.000000000000	479999.999999999999	-6159.089650787926	1119.470711344012	-1.391000000000
6250.000000000000	480999.999999999999	-6149.250849428839	1117.682419472856	-1.391000000000
6240.000000000000	481999.999999999999	-6139.412048069754	1115.894127601699	-1.391000000000
6230.000000000000	482999.999999999999	-6129.573246710667	1114.105835730543	-1.391000000000
6210.000000000000	483999.999999999999	-6109.895643992495	1110.529251988230	-1.391000000000
6200.000000000000	484999.999999999999	-6098.945051829915	1114.840461572597	-1.390000000000
6190.000000000000	485999.999999999999	-6089.108043681802	1113.042331795868	-1.390000000000
6180.000000000000	486999.999999999999	-6079.271035533689	1111.244202019137	-1.390000000000
6160.000000000000	487999.999999999999	-6059.597019237463	1107.647942465677	-1.390000000000
6160.000000000000	488999.999999999999	-6058.486341681349	1113.706984651056	-1.389000000000
6140.000000000000	489999.999999999999	-6039.923002941238	1104.051682912218	-1.390000000000
6130.000000000000	490999.999999999999	-6028.980726380953	1108.283086998535	-1.389000000000
6120.000000000000	491999.999999999999	-6019.145521280820	1106.475121114361	-1.389000000000
6110.000000000000	492999.999999999999	-6010.411978496900	1098.657293582027	-1.390000000000
6100.000000000000	493999.999999999999	-6000.574970348787	1096.859163805297	-1.390000000000
6080.000000000000	494999.999999999999	-5979.804700880292	1099.243257577666	-1.389000000000
6070.000000000000	495999.999999999999	-5968.869075686874	1103.404711476678	-1.388000000000
6060.000000000000	496999.999999999999	-5960.134290680028	1095.627325809318	-1.389000000000
6050.000000000000	497999.999999999999	-5949.202291252979	1099.769111109374	-1.388000000000
6040.000000000000	498999.999999999999	-5940.463880479764	1092.011394040971	-1.389000000000
6030.000000000000	499999.999999999999	-5929.535506819086	1096.133510742071	-1.388000000000
6020.000000000000	500999.999999999999	-5919.702114602138	1094.315710558419	-1.388000000000
6000.000000000000	501999.999999999999	-5901.123060079236	1084.779530504276	-1.389000000000
5990.000000000000	502999.999999999999	-5890.201937951297	1088.862310007463	-1.388000000000
5980.000000000000	503999.999999999999	-5880.368545734350	1087.044509823811	-1.388000000000
5970.000000000000	504999.999999999999	-5870.535153517403	1085.226709640159	-1.388000000000
5960.000000000000	505999.999999999999	-5860.701761300455	1083.408909456508	-1.388000000000
5950.000000000000	506999.999999999999	-5849.783852720560	1087.441435871284	-1.387000000000
5940.000000000000	507999.999999999999	-5839.952283220189	1085.613803205954	-1.387000000000
5930.000000000000	508999.999999999999	-5830.120713719819	1083.786170540625	-1.387000000000
5910.000000000000	509999.999999999999	-5809.374538765343	1085.940821750867	-1.386000000000
5910.000000000000	510999.999999999999	-5810.457574719077	1080.130905209965	-1.387000000000
5890.000000000000	511999.999999999999	-5789.715064860892	1082.265895112117	-1.386000000000
5880.000000000000	512999.999999999999	-5780.962866217966	1074.648007213975	-1.387000000000
5870.000000000000	513999.999999999999	-5770.055590956441	1078.590968473366	-1.386000000000
5860.000000000000	514999.999999999999	-5760.225854004216	1076.753505153990	-1.386000000000
5850.000000000000	515999.999999999999	-5750.396117051990	1074.916041834615	-1.386000000000
5840.000000000000	516999.999999999999	-5740.566380099764	1073.078578515240	-1.386000000000
5830.000000000000	517999.999999999999	-5730.736643147538	1071.241115195864	-1.386000000000
5810.000000000000	518999.999999999999	-5710.006747694111	1073.276730991460	-1.385000000000
5810.000000000000	519999.999999999999	-5711.077169243087	1067.566188557113	-1.386000000000
5800.000000000000	520999.999999999999	-5701.247432290862	1065.728725237738	-1.386000000000
5780.000000000000	521999.999999999999	-5681.587958386411	1062.053798598987	-1.386000000000
5770.000000000000	522999.999999999999	-5670.695169396734	1065.887562447629	-1.385000000000
5760.000000000000	523999.999999999999	-5660.867274822389	1064.040270311671	-1.385000000000
5760.000000000000	524999.999999999999	-5659.800404296016	1069.700604622925	-1.384000000000
5740.000000000000	525999.999999999999	-5640.148319558877	1065.986366412429	-1.384000000000
5740.000000000000	526999.999999999999	-5641.211485673701	1060.345686039755	-1.385000000000
5720.000000000000	527999.999999999999	-5620.496234821738	1062.272128201933	-1.384000000000
5720.000000000000	528999.999999999999	-5620.496234821738	1062.272128201933	-1.384000000000
5700.000000000000	529999.999999999999	-5600.844150084599	1058.557889991436	-1.384000000000
5690.000000000000	530999.999999999999	-5591.018107716030	1056.700770886188	-1.384000000000
5680.000000000000	531999.999999999999	-5581.192065347460	1054.843651780940	-1.384000000000
5670.000000000000	532999.999999999999	-5571.366022978890	1052.986532675692	-1.384000000000
5660.000000000000	533999.999999999999	-5560.486070602181	1056.690427059468	-1.383000000000
5660.000000000000	534999.999999999999	-5561.539980610321	1051.129413570444	-1.384000000000
5640.000000000000	535999.999999999999	-5540.837709928675	1052.956538624628	-1.383000000000
5630.000000000000	536999.999999999999	-5529.959674666162	1056.620081470212	-1.382000000000
5620.000000000000	537999.999999999999	-5521.189349255169	1049.222650189789	-1.383000000000
5620.000000000000	538999.999999999999	-5521.189349255169	1049.222650189789	-1.383000000000
5600.000000000000	539999.999999999999	-5500.492749223891	1050.989779082272	-1.382000000000
5590.000000000000	540999.999999999999	-5491.716808244911	1043.621817537531	-1.383000000000
5590.000000000000	541999.999999999999	-5491.716808244911	1043.621817537531	-1.383000000000
5570.000000000000	542999.999999999999	-5471.025823781621	1045.359476694331	-1.382000000000
5560.000000000000	543999.999999999999	-5461.203515300863	1043.482709231684	-1.382000000000
5560.000000000000	544999.999999999999	-5461.203515300863	1043.482709231684	-1.382000000000
5550.000000000000	545999.999999999999	-5451.381206820106	1041.605941769037	-1.382000000000
5530.000000000000	546999.999999999999	-5432.771726224392	1032.420152233013	-1.383000000000
5530.000000000000	547999.999999999999	-5431.736589858592	1037.852406843743	-1.382000000000
5510.000000000000	548999.999999999999	-5411.055168151749	1039.510445939938	-1.381000000000
5510.000000000000	549999.999999999999	-5411.055168151749	1039.510445939938	-1.381000000000
5490.000000000000	550999.999999999999	-5392.447355935565	1030.345336993156	-1.382000000000
5480.000000000000	551999.999999999999	-5380.557346440531	1039.231755512133	-1.380000000000
5480.000000000000	552999.999999999999	-5381.593887744390	1033.850679446617	-1.381000000000
5470.000000000000	553999.999999999999	-5371.773460941936	1031.964090615510	-1.381000000000
5460.000000000000	554999.999999999999	-5361.953034139483	1030.077501784403	-1.381000000000
5450.000000000000	555999.999999999999	-5351.101740529361	1033.542530573198	-1.380000000000
5440.000000000000	556999.999999999999	-5341.283205225636	1031.646122260219	-1.380000000000
5440.000000000000	557999.999999999999	-5341.283205225636	1031.646122260219	-1.380000000000
5420.000000000000	558999.999999999999	-5320.615620661019	1033.174436955329	-1.379000000000
5410.000000000000	559999.999999999999	-5311.827599314466	1025.956897321284	-1.380000000000
5400.000000000000	560999.999999999999	-5300.982352688100	1029.361985158446	-1.379000000000
5400.000000000000	561999.999999999999	-5300.982352688100	1029.361985158446	-1.379000000000
5380.000000000000	562999.999999999999	-5281.349084715181	1025.549533361563	-1.379000000000
5380.000000000000	563999.999999999999	-5281.349084715181	1025.549533361563	-1.379000000000
5360.000000000000	564999.999999999999	-5261.715816742262	1021.737081564680	-1.379000000000
5360.000000000000	565999.999999999999	-5261.715816742262	1021.737081564680	-1.379000000000
5350.000000000000	566999.999999999999	-5251.899182755803	1019.830855666238	-1.379000000000
5340.000000000000	567999.999999999999	-5242.082548769344	1017.924629767797	-1.379000000000
5330.000000000000	568999.999999999999	-5231.247280415611	1021.250160902935	-1.378000000000
5320.000000000000	569999.999999999999	-5221.432557563049	1019.334119325256	-1.378000000000
5320.000000000000	570999.999999999999	-5221.432557563049	1019.334119325256	-1.378000000000
5310.000000000000	571999.999999999999	-5211.617834710487	1017.418077747577	-1.378000000000
5300.000000000000	572999.999999999999	-5201.803111857925	1015.502036169898	-1.378000000000
5290.000000000000	573999.999999999999	-5191.988389005362	1013.585994592219	-1.378000000000
5280.000000000000	574999.999999999999	-5182.173666152800	1011.669953014540	-1.378000000000
5270.000000000000	575999.999999999999	-5171.346603377838	1014.925764641187	-1.377000000000
5260.000000000000	576999.999999999999	-5162.544220447677	1007.837869859182	-1.378000000000
5250.000000000000	577999.999999999999	-5151.720999569952	1011.074053959437	-1.377000000000
5240.000000000000	578999.999999999999	-5140.896478681698	1014.289601385186	-1.376000000000
5230.000000000000	579999.999999999999	-5131.085607539176	1012.353934206970	-1.376000000000
5230.000000000000	580999.999999999999	-5132.095395762067	1007.222343277686	-1.377000000000
5220.000000000000	581999.999999999999	-5122.282593858124	1005.296487936811	-1.377000000000
5210.000000000000	582999.999999999999	-5111.463865254131	1008.482599850538	-1.376000000000
5200.000000000000	583999.999999999999	-5101.652994111609	1006.546932672322	-1.376000000000
5190.000000000000	584999.999999999999	-5091.842122969086	1004.611265494106	-1.376000000000
5190.000000000000	585999.999999999999	-5091.842122969086	1004.611265494106	-1.376000000000
5170.000000000000	586999.999999999999	-5072.220380684042	1000.739931137674	-1.376000000000
5170.000000000000	587999.999999999999	-5071.217104809714	1005.811650303064	-1.375000000000
5160.000000000000	588999.999999999999	-5061.408174239483	1003.866173223174	-1.375000000000
5150.000000000000	589999.999999999999	-5051.599243669251	1001.920696143284	-1.375000000000
5140.000000000000	590999.999999999999	-5041.790313099020	999.975219063394	-1.375000000000
5130.000000000000	591999.999999999999	-5031.981382528788	998.029741983504	-1.375000000000
5130.000000000000	592999.999999999999	-5031.981382528788	998.029741983504	-1.375000000000
5120.000000000000	593999.999999999999	-5021.173856773651	1001.105938476453	-1.374000000000
5110.000000000000	594999.999999999999	-5011.366876584641	999.150653440366	-1.374000000000
5100.000000000000	595999.999999999999	-5001.559896395629	997.195368404279	-1.374000000000
5090.000000000000	596999.999999999999	-4991.752916206618	995.240083368192	-1.374000000000
5090.000000000000	597999.999999999999	-4991.752916206618	995.240083368192	-1.374000000000
5080.000000000000	598999.999999999999	-4981.945936017607	993.284798332105	-1.374000000000
5070.000000000000	599999.999999999999	-4971.145140411250	996.301155758443	-1.373000000000
5060.000000000000	600999.999999999999	-4961.340120410439	994.336064721444	-1.373000000000
5060.000000000000	601999.999999999999	-4961.340120410439	994.336064721444	-1.373000000000
5040.000000000000	602999.999999999999	-4942.718015261563	985.463658187758	-1.374000000000
5040.000000000000	603999.999999999999	-4941.730080408817	990.405882647446	-1.373000000000
5030.000000000000	604999.999999999999	-4931.925060408006	988.440791610447	-1.373000000000
5020.000000000000	605999.999999999999	-4922.120040407195	986.475700573448	-1.373000000000
5010.000000000000	606999.999999999999	-4913.297074694530	979.597803079498	-1.374000000000
5010.000000000000	607999.999999999999	-4912.315020406384	984.510609536449	-1.373000000000
5000.000000000000	608999.999999999999	-4901.525003796034	987.447536410052	-1.372000000000
4990.000000000000	609999.999999999999	-4891.721953788442	985.472641337232	-1.372000000000
4990.000000000000	610999.999999999999	-4891.721953788442	985.472641337232	-1.372000000000
4980.000000000000	611999.999999999999	-4880.932965239254	988.379172605708	-1.371000000000
4970.000000000000	612999.999999999999	-4871.131895027930	986.394475471962	-1.371000000000
4960.000000000000	613999.999999999999	-4862.312803765666	979.547956118772	-1.372000000000
4950.000000000000	614999.999999999999	-4851.529754605282	982.425081204469	-1.371000000000
4950.000000000000	615999.999999999999	-4851.529754605282	982.425081204469	-1.371000000000
4940.000000000000	616999.999999999999	-4841.728684393959	980.440384070722	-1.371000000000
4930.000000000000	617999.999999999999	-4830.946742695168	983.287124518034	-1.370000000000
4930.000000000000	618999.999999999999	-4831.927614182635	978.455686936976	-1.371000000000
4920.000000000000	619999.999999999999	-4822.126543971312	976.470989803230	-1.371000000000
4910.000000000000	620999.999999999999	-4811.348581467196	979.298130098083	-1.370000000000
4900.000000000000	621999.999999999999	-4801.549500853210	977.303632888107	-1.370000000000
4890.000000000000	622999.999999999999	-4791.750420239224	975.309135678131	-1.370000000000
4890.000000000000	623999.999999999999	-4791.750420239224	975.309135678131	-1.370000000000
4880.000000000000	624999.999999999999	-4780.975634173517	978.096102353511	-1.369000000000
4870.000000000000	625999.999999999999	-4772.152259011251	971.320141258180	-1.370000000000
4860.000000000000	626999.999999999999	-4761.381471738380	974.087511770095	-1.369000000000
4860.000000000000	627999.999999999999	-4761.381471738380	974.087511770095	-1.369000000000
4850.000000000000	628999.999999999999	-4751.584390520812	972.083216478387	-1.369000000000
4840.000000000000	629999.999999999999	-4741.787309303243	970.078921186679	-1.369000000000
4840.000000000000	630999.999999999999	-4741.787309303243	970.078921186679	-1.369000000000
4830.000000000000	631999.999999999999	-4731.019787626208	972.806131297118	-1.368000000000
4820.000000000000	632999.999999999999	-4722.193146868106	966.070330603263	-1.369000000000
4810.000000000000	633999.999999999999	-4712.396065650537	964.066035311555	-1.369000000000
4810.000000000000	634999.999999999999	-4711.429643578066	968.777948558828	-1.368000000000
4800.000000000000	635999.999999999999	-4701.634571553996	966.763857189683	-1.368000000000
4790.000000000000	636999.999999999999	-4690.872404005342	969.441122163252	-1.367000000000
4780.000000000000	637999.999999999999	-4682.044427505854	962.735674451392	-1.368000000000
4780.000000000000	638999.999999999999	-4681.079350969840	967.417236730761	-1.367000000000
4770.000000000000	639999.999999999999	-4672.249355481783	960.721583082247	-1.368000000000
4760.000000000000	640999.999999999999	-4661.493244898837	963.369465865779	-1.367000000000
4760.000000000000	641999.999999999999	-4661.493244898837	963.369465865779	-1.367000000000
4750.000000000000	642999.999999999999	-4651.700191863335	961.345580433288	-1.367000000000
4740.000000000000	643999.999999999999	-4641.907138827833	959.321695000796	-1.367000000000
4730.000000000000	644999.999999999999	-4632.114085792331	957.297809568305	-1.367000000000
4730.000000000000	645999.999999999999	-4631.154472085463	961.929444233213	-1.366000000000
4720.000000000000	646999.999999999999	-4621.363447831583	959.895766761261	-1.366000000000
4720.000000000000	647999.999999999999	-4621.363447831583	959.895766761261	-1.366000000000
4710.000000000000	648999.999999999999	-4611.572423577702	957.862089289310	-1.366000000000
4700.000000000000	649999.999999999999	-4601.781399323821	955.828411817358	-1.366000000000
4690.000000000000	650999.999999999999	-4591.990375069941	953.794734345406	-1.366000000000
4690.000000000000	651999.999999999999	-4591.990375069941	953.794734345406	-1.366000000000
4680.000000000000	652999.999999999999	-4581.245298818329	956.342779580082	-1.365000000000
4670.000000000000	653999.999999999999	-4571.456313137093	954.299312102347	-1.365000000000
4670.000000000000	654999.999999999999	-4571.456313137093	954.299312102347	-1.365000000000
4660.000000000000	655999.999999999999	-4561.667327455857	952.255844624612	-1.365000000000
4650.000000000000	656999.999999999999	-4551.878341774622	950.212377146877	-1.365000000000
4650.000000000000	657999.999999999999	-4551.878341774622	950.212377146877	-1.365000000000
4640.000000000000	658999.999999999999	-4541.138916297256	952.710524183804	-1.364000000000
4630.000000000000	659999.999999999999	-4531.351978977650	950.657268743753	-1.364000000000
4630.000000000000	660999.999999999999	-4530.399056191549	955.188144638911	-1.363000000000
4620.000000000000	661999.999999999999	-4521.565041658044	948.604013303701	-1.364000000000
4610.000000000000	662999.999999999999	-4510.829297849468	951.062061940686	-1.363000000000
4610.000000000000	663999.999999999999	-4511.778104338438	946.550757863650	-1.364000000000
4600.000000000000	664999.999999999999	-4501.991167018832	944.497502423599	-1.364000000000
4600.000000000000	665999.999999999999	-4501.044418678428	948.999020591574	-1.363000000000
4590.000000000000	666999.999999999999	-4491.259539507389	946.935979242462	-1.363000000000
4580.000000000000	667999.999999999999	-4481.474660336348	944.872937893350	-1.363000000000
4580.000000000000	668999.999999999999	-4480.527546818790	949.353939370344	-1.362000000000
4570.000000000000	669999.999999999999	-4470.744735581195	947.281114175212	-1.362000000000
4560.000000000000	670999.999999999999	-4461.904901994269	940.746855195126	-1.363000000000
4560.000000000000	671999.999999999999	-4460.961924343599	945.208288980081	-1.362000000000
4550.000000000000	672999.999999999999	-4451.179113106004	943.135463784949	-1.362000000000
4540.000000000000	673999.999999999999	-4441.396301868408	941.062638589817	-1.362000000000
4540.000000000000	674999.999999999999	-4441.396301868408	941.062638589817	-1.362000000000
4530.000000000000	675999.999999999999	-4430.672285167355	943.420956651847	-1.361000000000
4520.000000000000	676999.999999999999	-4421.830679393217	936.916988199554	-1.362000000000
4520.000000000000	677999.999999999999	-4420.891551646015	941.338349683520	-1.361000000000
4510.000000000000	678999.999999999999	-4411.110818124674	939.255742715194	-1.361000000000
4500.000000000000	679999.999999999999	-4401.330084603333	937.173135746868	-1.361000000000
4500.000000000000	680999.999999999999	-4400.390710958924	941.573996511387	-1.360000000000
4490.000000000000	681999.999999999999	-4391.549351081992	935.090528778541	-1.361000000000
4490.000000000000	682999.999999999999	-4391.549351081992	935.090528778541	-1.361000000000
4470.000000000000	683999.999999999999	-4371.054772885864	935.296836534644	-1.360000000000
4480.000000000000	684999.999999999999	-4380.833418910217	937.389223193558	-1.360000000000
4470.000000000000	685999.999999999999	-4371.054772885864	935.296836534644	-1.360000000000
4460.000000000000	686999.999999999999	-4361.276126861510	933.204449875730	-1.360000000000
4450.000000000000	687999.999999999999	-4350.564193180567	935.463094416411	-1.359000000000
4450.000000000000	688999.999999999999	-4350.564193180567	935.463094416411	-1.359000000000
4450.000000000000	689999.999999999999	-4352.426416996629	926.760100905236	-1.361000000000
4440.000000000000	690999.999999999999	-4340.787644431846	933.360930159295	-1.359000000000
4430.000000000000	691999.999999999999	-4331.011095683126	931.258765902180	-1.359000000000
4420.000000000000	692999.999999999999	-4321.234546934405	929.156601645064	-1.359000000000
4420.000000000000	693999.999999999999	-4321.234546934405	929.156601645064	-1.359000000000
4410.000000000000	694999.999999999999	-4310.528788173987	931.365431140378	-1.358000000000
4410.000000000000	695999.999999999999	-4310.528788173987	931.365431140378	-1.358000000000
4400.000000000000	696999.999999999999	-4301.681449436965	924.952273130833	-1.359000000000
4400.000000000000	697999.999999999999	-4300.754346477447	929.253491387225	-1.358000000000
4390.000000000000	698999.999999999999	-4290.979904780907	927.141551634072	-1.358000000000
4380.000000000000	699999.999999999999	-4280.278293024106	929.310354115703	-1.357000000000
4380.000000000000	700999.999999999999	-4281.205463084368	925.029611880919	-1.358000000000
4370.000000000000	701999.999999999999	-4270.505968154187	927.188640978452	-1.357000000000
4360.000000000000	702999.999999999999	-4261.656579691288	920.805732374614	-1.358000000000
4360.000000000000	703999.999999999999	-4259.806446143962	929.327198240938	-1.356000000000
4350.000000000000	704999.999999999999	-4250.961318414351	922.945214703951	-1.357000000000
4350.000000000000	705999.999999999999	-4250.036247872989	927.195713841303	-1.356000000000
4340.000000000000	706999.999999999999	-4241.188993544433	920.823501566701	-1.357000000000
4340.000000000000	707999.999999999999	-4240.266049602017	925.064229441668	-1.356000000000
4330.000000000000	708999.999999999999	-4230.495851331045	922.932745042032	-1.356000000000
4330.000000000000	709999.999999999999	-4230.495851331045	922.932745042032	-1.356000000000
4320.000000000000	710999.999999999999	-4220.725653060072	920.801260642397	-1.356000000000
4320.000000000000	711999.999999999999	-4219.802741590246	925.021525191411	-1.355000000000
4310.000000000000	712999.999999999999	-4210.034679688417	922.880271660876	-1.355000000000
4300.000000000000	713999.999999999999	-4200.266617786587	920.739018130340	-1.355000000000
4300.000000000000	714999.999999999999	-4200.266617786587	920.739018130340	-1.355000000000
4290.000000000000	715999.999999999999	-4190.498555884757	918.597764599804	-1.355000000000
4280.000000000000	716999.999999999999	-4179.811947259530	920.636782638246	-1.354000000000
4280.000000000000	717999.999999999999	-4180.730493982928	916.456511069269	-1.355000000000
4270.000000000000	718999.999999999999	-4171.874661705210	910.143838644221	-1.356000000000
4270.000000000000	719999.999999999999	-4170.046031494905	918.485762118063	-1.354000000000
4260.000000000000	720999.999999999999	-4160.280115730279	916.334741597880	-1.354000000000
4260.000000000000	721999.999999999999	-4160.280115730279	916.334741597880	-1.354000000000
4250.000000000000	722999.999999999999	-4150.514199965654	914.183721077697	-1.354000000000
4240.000000000000	723999.999999999999	-4139.834181278507	916.172992135279	-1.353000000000
4240.000000000000	724999.999999999999	-4139.834181278507	916.172992135279	-1.353000000000
4240.000000000000	725999.999999999999	-4139.834181278507	916.172992135279	-1.353000000000
4230.000000000000	726999.999999999999	-4130.070421417002	914.012206776469	-1.353000000000
4220.000000000000	727999.999999999999	-4119.392750132894	915.971271466824	-1.352000000000
4220.000000000000	728999.999999999999	-4119.392750132894	915.971271466824	-1.352000000000
4220.000000000000	729999.999999999999	-4119.392750132894	915.971271466824	-1.352000000000
4210.000000000000	730999.999999999999	-4108.715300551729	917.909897000849	-1.351000000000
4200.000000000000	731999.999999999999	-4099.869561743639	911.630175393522	-1.352000000000
4200.000000000000	732999.999999999999	-4099.869561743639	911.630175393522	-1.352000000000
4190.000000000000	733999.999999999999	-4089.196463019417	913.549279912959	-1.351000000000
4190.000000000000	734999.999999999999	-4089.196463019417	913.549279912959	-1.351000000000
4180.000000000000	735999.999999999999	-4079.437044253261	911.368971369015	-1.351000000000
4180.000000000000	736999.999999999999	-4079.437044253261	911.368971369015	-1.351000000000
4170.000000000000	737999.999999999999	-4069.677625487105	909.188662825069	-1.351000000000
4170.000000000000	738999.999999999999	-4069.677625487105	909.188662825069	-1.351000000000
4160.000000000000	739999.999999999999	-4059.918206720949	907.008354281124	-1.351000000000
4160.000000000000	740999.999999999999	-4059.009168558902	911.067818307053	-1.350000000000
4150.000000000000	741999.999999999999	-4049.251934980635	908.877751436122	-1.350000000000
4140.000000000000	742999.999999999999	-4039.494701402369	906.687684565192	-1.350000000000
4140.000000000000	743999.999999999999	-4039.494701402369	906.687684565192	-1.350000000000
4130.000000000000	744999.999999999999	-4029.737467824102	904.497617694261	-1.350000000000
4130.000000000000	745999.999999999999	-4029.737467824102	904.497617694261	-1.350000000000
4120.000000000000	746999.999999999999	-4019.075916855447	906.327079233843	-1.349000000000
4120.000000000000	747999.999999999999	-4019.075916855447	906.327079233843	-1.349000000000
4110.000000000000	748999.999999999999	-4009.320878222302	904.127256225994	-1.349000000000
4110.000000000000	749999.999999999999	-4009.320878222302	904.127256225994	-1.349000000000
4100.000000000000	750999.999999999999	-3999.565839589158	901.927433218145	-1.349000000000
4100.000000000000	751999.999999999999	-3999.565839589158	901.927433218145	-1.349000000000
4090.000000000000	752999.999999999999	-3988.909078590525	903.716970482515	-1.348000000000
4090.000000000000	753999.999999999999	-3988.909078590525	903.716970482515	-1.348000000000
4080.000000000000	754999.999999999999	-3979.156244657540	901.507393537570	-1.348000000000
4080.000000000000	755999.999999999999	-3979.156244657540	901.507393537570	-1.348000000000
4070.000000000000	756999.999999999999	-3969.403410724556	899.297816592625	-1.348000000000
4070.000000000000	757999.999999999999	-3969.403410724556	899.297816592625	-1.348000000000
4060.000000000000	758999.999999999999	-3958.751508876315	901.047441020448	-1.347000000000
4060.000000000000	759999.999999999999	-3958.751508876315	901.047441020448	-1.347000000000
4060.000000000000	760999.999999999999	-3958.751508876315	901.047441020448	-1.347000000000
4050.000000000000	761999.999999999999	-3949.000889396324	898.828112347984	-1.347000000000
4040.000000000000	762999.999999999999	-3939.250269916333	896.608783675519	-1.347000000000
4040.000000000000	763999.999999999999	-3938.351691657122	900.547584984539	-1.346000000000
4030.000000000000	764999.999999999999	-3929.499650436343	894.389455003055	-1.347000000000
4030.000000000000	765999.999999999999	-3929.499650436343	894.389455003055	-1.347000000000
4020.000000000000	766999.999999999999	-3918.854901104364	896.089428623229	-1.346000000000
4020.000000000000	767999.999999999999	-3918.854901104364	896.089428623229	-1.346000000000
4010.000000000000	768999.999999999999	-3909.106505827985	893.860350442575	-1.346000000000
4010.000000000000	769999.999999999999	-3909.106505827985	893.860350442575	-1.346000000000
4000.000000000000	770999.999999999999	-3898.464529749057	895.530183906980	-1.345000000000
4000.000000000000	771999.999999999999	-3898.464529749057	895.530183906980	-1.345000000000
3990.000000000000	772999.999999999999	-3888.718368424684	893.291358447212	-1.345000000000
3990.000000000000	773999.999999999999	-3888.718368424684	893.291358447212	-1.345000000000
3980.000000000000	774999.999999999999	-3878.972207100311	891.052532987445	-1.345000000000
3980.000000000000	775999.999999999999	-3878.972207100311	891.052532987445	-1.345000000000
3970.000000000000	776999.999999999999	-3868.335297603684	892.682488521765	-1.344000000000
3970.000000000000	777999.999999999999	-3868.335297603684	892.682488521765	-1.344000000000
3960.000000000000	778999.999999999999	-3857.699016912333	894.292063541668	-1.343000000000
3960.000000000000	779999.999999999999	-3857.699016912333	894.292063541668	-1.343000000000
3950.000000000000	780999.999999999999	-3847.957352728211	892.033750249896	-1.343000000000
3950.000000000000	781999.999999999999	-3847.957352728211	892.033750249896	-1.343000000000
3940.000000000000	782999.999999999999	-3838.215688544090	889.775436958124	-1.343000000000
3940.000000000000	783999.999999999999	-3838.215688544090	889.775436958124	-1.343000000000
3940.000000000000	784999.999999999999	-3838.215688544090	889.775436958124	-1.343000000000
3930.000000000000	785999.999999999999	-3828.474024359967	887.517123666352	-1.343000000000
3930.000000000000	786999.999999999999	-3828.474024359967	887.517123666352	-1.343000000000
3920.000000000000	787999.999999999999	-3818.732360175845	885.258810374580	-1.343000000000
3920.000000000000	788999.999999999999	-3817.845192146993	889.077099468932	-1.342000000000
3910.000000000000	789999.999999999999	-3808.105791146618	886.809045643756	-1.342000000000
3910.000000000000	790999.999999999999	-3808.105791146618	886.809045643756	-1.342000000000
3900.000000000000	791999.999999999999	-3798.366390146243	884.540991818581	-1.342000000000
3900.000000000000	792999.999999999999	-3798.366390146243	884.540991818581	-1.342000000000
3890.000000000000	793999.999999999999	-3787.742822041583	886.061123214681	-1.341000000000
3890.000000000000	794999.999999999999	-3786.854867194792	889.848422374907	-1.340000000000
3880.000000000000	795999.999999999999	-3778.005693964355	883.783331124155	-1.341000000000
3880.000000000000	796999.999999999999	-3778.005693964355	883.783331124155	-1.341000000000
3880.000000000000	797999.999999999999	-3777.120021777839	887.560894296822	-1.340000000000
3870.000000000000	798999.999999999999	-3767.385176360886	885.273366218738	-1.340000000000
3860.000000000000	799999.999999999999	-3757.650330943933	882.985838140653	-1.340000000000
3860.000000000000	800999.999999999999	-3757.650330943933	882.985838140653	-1.340000000000
3860.000000000000	801999.999999999999	-3757.650330943933	882.985838140653	-1.340000000000
3850.000000000000	802999.999999999999	-3747.915485526980	880.698310062569	-1.340000000000
3850.000000000000	803999.999999999999	-3747.915485526980	880.698310062569	-1.340000000000
3840.000000000000	804999.999999999999	-3738.180640110027	878.410781984484	-1.340000000000
3840.000000000000	805999.999999999999	-3737.300360384279	882.148522796210	-1.339000000000
3830.000000000000	806999.999999999999	-3727.567807362445	879.851261018095	-1.339000000000
3830.000000000000	807999.999999999999	-3727.567807362445	879.851261018095	-1.339000000000
3830.000000000000	808999.999999999999	-3727.567807362445	879.851261018095	-1.339000000000
3820.000000000000	809999.999999999999	-3717.835254340611	877.553999239980	-1.339000000000
3820.000000000000	810999.999999999999	-3716.955841570158	881.271395097718	-1.338000000000
3810.000000000000	811999.999999999999	-3707.225590675996	878.964401916834	-1.338000000000
3810.000000000000	812999.999999999999	-3707.225590675996	878.964401916834	-1.338000000000
3800.000000000000	813999.999999999999	-3696.616833771690	880.354465130815	-1.337000000000
3800.000000000000	814999.999999999999	-3697.495339781833	876.657408735950	-1.338000000000
3800.000000000000	815999.999999999999	-3696.616833771690	880.354465130815	-1.337000000000
3790.000000000000	816999.999999999999	-3686.888894735449	878.037742854155	-1.337000000000
3790.000000000000	817999.999999999999	-3686.888894735449	878.037742854155	-1.337000000000
3780.000000000000	818999.999999999999	-3677.160955699208	875.721020577495	-1.337000000000
3780.000000000000	819999.999999999999	-3677.160955699208	875.721020577495	-1.337000000000
3770.000000000000	820999.999999999999	-3667.433016662966	873.404298300835	-1.337000000000
3770.000000000000	821999.999999999999	-3666.557778793878	877.071294004146	-1.336000000000
3770.000000000000	822999.999999999999	-3666.557778793878	877.071294004146	-1.336000000000
3760.000000000000	823999.999999999999	-3656.832161343496	874.744844948432	-1.336000000000
3760.000000000000	824999.999999999999	-3655.955588228410	878.401239127918	-1.335000000000
3750.000000000000	825999.999999999999	-3647.106543893115	872.418395892718	-1.336000000000
3750.000000000000	826999.999999999999	-3646.232302089505	876.065065619599	-1.335000000000
3750.000000000000	827999.999999999999	-3646.232302089505	876.065065619599	-1.335000000000
3740.000000000000	828999.999999999999	-3636.509015950599	873.728892111280	-1.335000000000
3740.000000000000	829999.999999999999	-3636.509015950599	873.728892111280	-1.335000000000
3730.000000000000	830999.999999999999	-3626.785729811694	871.392718602961	-1.335000000000
3730.000000000000	831999.999999999999	-3626.785729811694	871.392718602961	-1.335000000000
3720.000000000000	832999.999999999999	-3616.191578741465	872.673172407234	-1.334000000000
3720.000000000000	833999.999999999999	-3616.191578741465	872.673172407234	-1.334000000000
3720.000000000000	834999.999999999999	-3616.191578741465	872.673172407234	-1.334000000000
3710.000000000000	835999.999999999999	-3606.470633637322	870.327276782484	-1.334000000000
3710.000000000000	836999.999999999999	-3606.470633637322	870.327276782484	-1.334000000000
3700.000000000000	837999.999999999999	-3596.749688533178	867.981381157733	-1.334000000000
3700.000000000000	838999.999999999999	-3596.749688533178	867.981381157733	-1.334000000000
3700.000000000000	839999.999999999999	-3595.006533431192	875.173139776950	-1.332000000000
3690.000000000000	840999.999999999999	-3586.161314573551	869.222080860867	-1.333000000000
3690.000000000000	841999.999999999999	-3586.161314573551	869.222080860867	-1.333000000000
3680.000000000000	842999.999999999999	-3576.442720225114	866.866465465580	-1.333000000000
3680.000000000000	843999.999999999999	-3576.442720225114	866.866465465580	-1.333000000000
3680.000000000000	844999.999999999999	-3574.701835566948	874.017612405088	-1.331000000000
3670.000000000000	845999.999999999999	-3566.724125876676	864.510850070293	-1.333000000000
3670.000000000000	846999.999999999999	-3564.114546970234	875.207116101764	-1.330000000000
3660.000000000000	847999.999999999999	-3556.141597934638	865.711808536118	-1.332000000000
3660.000000000000	848999.999999999999	-3555.274108199736	869.267516685495	-1.331000000000
3650.000000000000	849999.999999999998	-3545.560244516131	866.892468825699	-1.331000000000
3650.000000000000	850999.999999999998	-3545.560244516131	866.892468825699	-1.331000000000
3650.000000000000	851999.999999999998	-3545.560244516131	866.892468825699	-1.331000000000
3640.000000000000	852999.999999999998	-3535.846380832525	864.517420965902	-1.331000000000
3640.000000000000	853999.999999999998	-3534.980095632602	868.052834498752	-1.330000000000
3630.000000000000	854999.999999999998	-3525.268611853392	865.668073964415	-1.330000000000
3630.000000000000	855999.999999999998	-3525.268611853392	865.668073964415	-1.330000000000
3630.000000000000	856999.999999999998	-3525.268611853392	865.668073964415	-1.330000000000
3620.000000000000	857999.999999999998	-3515.557128074181	863.283313430078	-1.330000000000
3620.000000000000	858999.999999999998	-3515.557128074181	863.283313430078	-1.330000000000
3610.000000000000	859999.999999999998	-3505.845644294971	860.898552895741	-1.330000000000
3610.000000000000	860999.999999999998	-3505.845644294971	860.898552895741	-1.330000000000
3610.000000000000	861999.999999999998	-3504.982992962882	864.403967506488	-1.329000000000
3600.000000000000	862999.999999999998	-3495.273898799550	862.009496682370	-1.329000000000
3600.000000000000	863999.999999999998	-3495.273898799550	862.009496682370	-1.329000000000
3590.000000000000	864999.999999999998	-3484.703446971372	863.100160274484	-1.328000000000
3590.000000000000	865999.999999999998	-3485.564804636218	859.615025858252	-1.329000000000
3590.000000000000	866999.999999999998	-3484.703446971372	863.100160274484	-1.328000000000
3580.000000000000	867999.999999999998	-3474.996752133011	860.695981555056	-1.328000000000
3580.000000000000	868999.999999999998	-3474.996752133011	860.695981555056	-1.328000000000
3580.000000000000	869999.999999999998	-3474.996752133011	860.695981555056	-1.328000000000
3570.000000000000	870999.999999999998	-3464.430032989980	861.756663169510	-1.327000000000
3570.000000000000	871999.999999999998	-3464.430032989980	861.756663169510	-1.327000000000
3570.000000000000	872999.999999999998	-3464.430032989980	861.756663169510	-1.327000000000
3560.000000000000	873999.999999999998	-3454.725747183285	859.342778958951	-1.327000000000
3560.000000000000	874999.999999999998	-3454.725747183285	859.342778958951	-1.327000000000
3550.000000000000	875999.999999999998	-3445.021461376591	856.928894748392	-1.327000000000
3550.000000000000	876999.999999999998	-3444.162810114077	860.373487171186	-1.326000000000
3550.000000000000	877999.999999999998	-3445.021461376591	856.928894748392	-1.327000000000
3540.000000000000	878999.999999999998	-3434.460943043333	857.949899883380	-1.326000000000
3540.000000000000	879999.999999999998	-3434.460943043333	857.949899883380	-1.326000000000
3530.000000000000	880999.999999999998	-3424.759075972589	855.526312595574	-1.326000000000
3530.000000000000	881999.999999999998	-3424.759075972589	855.526312595574	-1.326000000000
3530.000000000000	882999.999999999998	-3423.901837423185	858.950643337633	-1.325000000000
3520.000000000000	883999.999999999998	-3414.202398790258	856.517355396167	-1.325000000000
3520.000000000000	884999.999999999998	-3414.202398790258	856.517355396167	-1.325000000000
3520.000000000000	885999.999999999998	-3414.202398790258	856.517355396167	-1.325000000000
3510.000000000000	886999.999999999998	-3404.502960157332	854.084067454700	-1.325000000000
3510.000000000000	887999.999999999998	-3403.647173980887	857.488142805442	-1.324000000000
3510.000000000000	888999.999999999998	-3403.647173980887	857.488142805442	-1.324000000000
3500.000000000000	889999.999999999998	-3394.803521524405	851.650779513234	-1.325000000000
3500.000000000000	890999.999999999998	-3393.950173485214	855.045156643603	-1.324000000000
3490.000000000000	891999.999999999998	-3384.253172989542	852.602170481764	-1.324000000000
3490.000000000000	892999.999999999998	-3384.253172989542	852.602170481764	-1.324000000000
3490.000000000000	893999.999999999998	-3383.398878834716	855.985996789662	-1.323000000000
3480.000000000000	894999.999999999998	-3373.704326173298	853.533314850437	-1.323000000000
3480.000000000000	895999.999999999998	-3373.704326173298	853.533314850437	-1.323000000000
3480.000000000000	896999.999999999998	-3372.849106148680	856.906591847704	-1.322000000000
3470.000000000000	897999.999999999998	-3364.009773511880	851.080632911212	-1.323000000000
3470.000000000000	898999.999999999998	-3363.157011016069	854.444216583774	-1.322000000000
3460.000000000000	899999.999999999998	-3354.315220850463	848.627950971986	-1.323000000000
3460.000000000000	900999.999999999998	-3353.464915883458	851.981841319844	-1.322000000000
3460.000000000000	901999.999999999998	-3353.464915883458	851.981841319844	-1.322000000000
3450.000000000000	902999.999999999998	-3343.772820750847	849.519466055913	-1.322000000000
3450.000000000000	903999.999999999998	-3343.772820750847	849.519466055913	-1.322000000000
3450.000000000000	904999.999999999998	-3343.772820750847	849.519466055913	-1.322000000000
3440.000000000000	905999.999999999998	-3333.232001628396	850.390747433412	-1.321000000000
3440.000000000000	906999.999999999998	-3333.232001628396	850.390747433412	-1.321000000000
3440.000000000000	907999.999999999998	-3333.232001628396	850.390747433412	-1.321000000000
3430.000000000000	908999.999999999998	-3323.542373716686	847.918681307152	-1.321000000000
3430.000000000000	909999.999999999998	-3323.542373716686	847.918681307152	-1.321000000000
3430.000000000000	910999.999999999998	-3322.692793405650	851.241799167639	-1.320000000000
3420.000000000000	911999.999999999998	-3313.005642404467	848.760044651115	-1.320000000000
3420.000000000000	912999.999999999998	-3313.005642404467	848.760044651115	-1.320000000000
3420.000000000000	913999.999999999998	-3313.005642404467	848.760044651115	-1.320000000000
3410.000000000000	914999.999999999998	-3303.318491403284	846.278290134592	-1.320000000000
3410.000000000000	915999.999999999998	-3302.470561595088	849.581184936332	-1.319000000000
3410.000000000000	916999.999999999998	-3302.470561595088	849.581184936332	-1.319000000000
3400.000000000000	917999.999999999998	-3292.785897191584	847.089744511299	-1.319000000000
3400.000000000000	918999.999999999998	-3292.785897191584	847.089744511299	-1.319000000000
3390.000000000000	919999.999999999998	-3283.101232788079	844.598304086266	-1.319000000000
3390.000000000000	920999.999999999998	-3282.254993074279	847.880982472753	-1.318000000000
3390.000000000000	921999.999999999998	-3282.254993074279	847.880982472753	-1.318000000000
3390.000000000000	922999.999999999998	-3282.254993074279	847.880982472753	-1.318000000000
3380.000000000000	923999.999999999998	-3272.572824953116	845.379858630651	-1.318000000000
3380.000000000000	924999.999999999998	-3272.572824953116	845.379858630651	-1.318000000000
3380.000000000000	925999.999999999998	-3272.572824953116	845.379858630651	-1.318000000000
3370.000000000000	926999.999999999998	-3262.046146792452	846.141203462233	-1.317000000000
3370.000000000000	927999.999999999998	-3262.046146792452	846.141203462233	-1.317000000000
3370.000000000000	928999.999999999998	-3262.046146792452	846.141203462233	-1.317000000000
3360.000000000000	929999.999999999998	-3252.366484635798	843.630398704185	-1.317000000000
3360.000000000000	930999.999999999998	-3252.366484635798	843.630398704185	-1.317000000000
3360.000000000000	931999.999999999998	-3252.366484635798	843.630398704185	-1.317000000000
3350.000000000000	932999.999999999998	-3241.844081682108	844.361859668406	-1.316000000000
3350.000000000000	933999.999999999998	-3241.844081682108	844.361859668406	-1.316000000000
3340.000000000000	934999.999999999998	-3232.166935169624	841.841376505217	-1.316000000000
3340.000000000000	935999.999999999998	-3232.166935169624	841.841376505217	-1.316000000000
3340.000000000000	936999.999999999998	-3232.166935169624	841.841376505217	-1.316000000000
3330.000000000000	937999.999999999998	-3221.648856658925	842.542962933192	-1.315000000000
3330.000000000000	938999.999999999998	-3221.648856658925	842.542962933192	-1.315000000000
3330.000000000000	939999.999999999998	-3221.648856658925	842.542962933192	-1.315000000000
3330.000000000000	940999.999999999998	-3221.648856658925	842.542962933192	-1.315000000000
3320.000000000000	941999.999999999998	-3211.974235467757	840.012803885344	-1.315000000000
3320.000000000000	942999.999999999998	-3211.132616816890	843.224357579116	-1.314000000000
3320.000000000000	943999.999999999998	-3211.132616816890	843.224357579116	-1.314000000000
3310.000000000000	944999.999999999998	-3201.460530621659	840.684525176769	-1.314000000000
3310.000000000000	945999.999999999998	-3201.460530621659	840.684525176769	-1.314000000000
3310.000000000000	946999.999999999998	-3201.460530621659	840.684525176769	-1.314000000000
3300.000000000000	947999.999999999998	-3191.788444426427	838.144692774422	-1.314000000000
3300.000000000000	948999.999999999998	-3190.948703979254	841.336061614573	-1.313000000000
3300.000000000000	949999.999999999998	-3190.948703979254	841.336061614573	-1.313000000000
3290.000000000000	950999.999999999998	-3181.279162452044	838.786558397559	-1.313000000000
3290.000000000000	951999.999999999998	-3181.279162452044	838.786558397559	-1.313000000000
3290.000000000000	952999.999999999998	-3180.438785393996	841.967417636553	-1.312000000000
3280.000000000000	953999.999999999998	-3171.609620924834	836.237055180545	-1.313000000000
3280.000000000000	954999.999999999998	-3170.771798204348	839.408246154375	-1.312000000000
3280.000000000000	955999.999999999998	-3170.771798204348	839.408246154375	-1.312000000000
3270.000000000000	956999.999999999998	-3161.104811014701	836.849074672197	-1.312000000000
3270.000000000000	957999.999999999998	-3161.104811014701	836.849074672197	-1.312000000000
3270.000000000000	958999.999999999998	-3161.104811014701	836.849074672197	-1.312000000000
3260.000000000000	959999.999999999998	-3151.437823825054	834.289903190019	-1.312000000000
3260.000000000000	960999.999999999998	-3150.601958342131	837.440923343688	-1.311000000000
3260.000000000000	961999.999999999998	-3150.601958342131	837.440923343688	-1.311000000000
3260.000000000000	962999.999999999998	-3150.601958342131	837.440923343688	-1.311000000000
3250.000000000000	963999.999999999998	-3140.101092741385	838.012605731176	-1.310000000000
3250.000000000000	964999.999999999998	-3140.937535157032	834.872086155517	-1.311000000000
3250.000000000000	965999.999999999998	-3140.101092741385	838.012605731176	-1.310000000000
3240.000000000000	966999.999999999998	-3130.439243225258	835.434105405850	-1.310000000000
3240.000000000000	967999.999999999998	-3130.439243225258	835.434105405850	-1.310000000000
3240.000000000000	968999.999999999998	-3130.439243225258	835.434105405850	-1.310000000000
3230.000000000000	969999.999999999998	-3120.777393709131	832.855605080523	-1.310000000000
3230.000000000000	970999.999999999998	-3120.777393709131	832.855605080523	-1.310000000000
3230.000000000000	971999.999999999998	-3120.777393709131	832.855605080523	-1.310000000000
3230.000000000000	972999.999999999998	-3119.942977854293	835.975965526335	-1.309000000000
3220.000000000000	973999.999999999998	-3110.283711668985	833.387804642352	-1.309000000000
3220.000000000000	974999.999999999998	-3109.448768861515	836.497671141773	-1.308000000000
3220.000000000000	975999.999999999998	-3109.448768861515	836.497671141773	-1.308000000000
3210.000000000000	976999.999999999998	-3099.792095666292	833.899852287295	-1.308000000000
3210.000000000000	977999.999999999998	-3099.792095666292	833.899852287295	-1.308000000000
3210.000000000000	978999.999999999998	-3099.792095666292	833.899852287295	-1.308000000000
3200.000000000000	979999.999999999998	-3090.135422471070	831.302033432818	-1.308000000000
3200.000000000000	980999.999999999998	-3090.135422471070	831.302033432818	-1.308000000000
3200.000000000000	981999.999999999998	-3089.302575508606	834.391752689285	-1.307000000000
3200.000000000000	982999.999999999998	-3089.302575508606	834.391752689285	-1.307000000000
3190.000000000000	983999.999999999998	-3079.648504960142	831.784278462131	-1.307000000000
3190.000000000000	984999.999999999998	-3079.648504960142	831.784278462131	-1.307000000000
3190.000000000000	985999.999999999998	-3079.648504960142	831.784278462131	-1.307000000000
3180.000000000000	986999.999999999998	-3069.163722748549	832.246383569355	-1.306000000000
3180.000000000000	987999.999999999998	-3069.163722748549	832.246383569355	-1.306000000000
3180.000000000000	988999.999999999998	-3069.163722748549	832.246383569355	-1.306000000000
3170.000000000000	989999.999999999998	-3059.512264500912	829.629256576998	-1.306000000000
3170.000000000000	990999.999999999998	-3059.512264500912	829.629256576998	-1.306000000000
3170.000000000000	991999.999999999998	-3059.512264500912	829.629256576998	-1.306000000000
3170.000000000000	992999.999999999998	-3058.681105626601	832.688353516987	-1.305000000000
3160.000000000000	993999.999999999998	-3049.032269331250	830.061576376555	-1.305000000000
3160.000000000000	994999.999999999998	-3049.032269331250	830.061576376555	-1.305000000000
3160.000000000000	995999.999999999998	-3049.032269331250	830.061576376555	-1.305000000000
3150.000000000000	996999.999999999998	-3039.383433035898	827.434799236123	-1.305000000000
3150.000000000000	997999.999999999998	-3038.554478682977	830.473768445229	-1.304000000000
3150.000000000000	998999.999999999998	-3038.554478682977	830.473768445229	-1.304000000000
3150.000000000000	1000000.000000000000	-3038.554478682977	830.473768445229	-1.304000000000
