2000000.000000000000	1000.000000000000	-1818594.853651363400	-832293.673094284836	-2.000000000000
709999.999999999999	2000.000000000000	-700841.071719833765	113674.061203930192	-1.410000000000
489999.999999999999	3000.000000000000	-480154.950085320975	97730.363288810695	-1.370000000000
389999.999999999999	4000.000000000000	-382922.876845220278	73959.924206155439	-1.380000000000
309999.999999999999	5000.000000000000	-301780.207925549009	70913.370420622406	-1.340000000000
270000.000000000000	6000.000000000000	-262840.826257736247	61763.258108284033	-1.340000000000
240000.000000000000	7000.000000000000	-233636.290006876661	54900.673874030253	-1.340000000000
220000.000000000000	8000.000000000000	-213652.643142629822	52464.731755419088	-1.330000000000
200000.000000000000	9000.000000000000	-194229.675584208918	47695.210686744627	-1.330000000000
180000.000000000000	10000.000000000000	-174806.708025788015	42925.689618070166	-1.330000000000
170000.000000000000	11000.000000000000	-165095.224246577592	40540.929083732932	-1.330000000000
160000.000000000000	12000.000000000000	-154589.592258037446	41256.005205227142	-1.310000000000
150000.000000000000	13000.000000000000	-144927.742741910100	38677.504879900443	-1.310000000000
140000.000000000000	14000.000000000000	-135620.114016557141	34744.563231332206	-1.320000000000
130000.000000000000	15000.000000000000	-125932.963015374480	32262.808714808478	-1.320000000000
120000.000000000000	16000.000000000000	-116245.812014191833	29781.054198284746	-1.320000000000
120000.000000000000	17000.000000000000	-115942.194193528077	30942.003903920355	-1.310000000000
110000.000000000000	18000.000000000000	-106558.661013009172	27299.299681761018	-1.320000000000
107800.000000000000	19000.000000000000	-104265.089184596611	27379.393297297793	-1.314000000000
103400.000000000000	20000.000000000000	-99903.523996756688	26661.693363878039	-1.310000000000
99000.000000000000	21000.000000000000	-95778.749792562637	25048.574573689482	-1.315000000000
95400.000000000000	22000.000000000000	-92462.587565110370	23491.060017893953	-1.322000000000
91800.000000000000	23000.000000000000	-88928.046190856752	22782.506461687833	-1.320000000000
89200.000000000000	24000.000000000000	-86431.480972457240	22050.829846238463	-1.321000000000
85300.000000000000	25000.000000000000	-82610.187361894728	21251.986825533477	-1.319000000000
83200.000000000000	26000.000000000000	-80679.044123991378	20325.644866499366	-1.324000000000
81000.000000000000	27000.000000000000	-78604.715034226436	19552.462105526691	-1.327000000000
78000.000000000000	28000.000000000000	-75540.382347336330	19433.235315259215	-1.319000000000
75900.000000000000	29000.000000000000	-73525.476098976331	18836.516780415102	-1.320000000000
73800.000000000000	30000.000000000000	-71491.174388727973	18315.348331945119	-1.320000000000
72300.000000000000	31000.000000000000	-70231.234432470213	17171.596026328221	-1.331000000000
69400.000000000000	32000.000000000000	-67297.183439963963	16954.323963161733	-1.324000000000
68300.000000000000	33000.000000000000	-66230.513385440048	16685.595485359456	-1.324000000000
65900.000000000000	34000.000000000000	-63722.278664312980	16801.226200121317	-1.313000000000
64500.000000000000	35000.000000000000	-62498.100030532427	15944.826514376467	-1.321000000000
63400.000000000000	36000.000000000000	-61400.772318219533	15795.732294710697	-1.319000000000
61100.000000000000	37000.000000000000	-59218.701260254129	15045.112862613423	-1.322000000000
60400.000000000000	38000.000000000000	-58628.436823696618	14521.239465342287	-1.328000000000
59100.000000000000	39000.000000000000	-57338.034388096319	14323.400870934396	-1.326000000000
57600.000000000000	40000.000000000000	-55979.103447001777	13568.344676852557	-1.333000000000
56600.000000000000	41000.000000000000	-55007.244012158000	13332.783137323868	-1.333000000000
55900.000000000000	42000.000000000000	-54192.549377323950	13710.492040269950	-1.323000000000
54300.000000000000	43000.000000000000	-52746.279801979697	12896.509878694640	-1.331000000000
53400.000000000000	44000.000000000000	-51859.323380983784	12734.621253360816	-1.330000000000
52300.000000000000	45000.000000000000	-50815.903161743598	12370.690597387704	-1.332000000000
51600.000000000000	46000.000000000000	-50123.536607406124	12255.246956549603	-1.331000000000
50300.000000000000	47000.000000000000	-48824.675036952642	12093.018958720480	-1.328000000000
49500.000000000000	48000.000000000000	-48071.844707091710	11804.564644969296	-1.330000000000
48700.000000000000	49000.000000000000	-47318.058967053796	11519.170785712833	-1.332000000000
47700.000000000000	50000.000000000000	-46357.695042048348	11236.285435518525	-1.333000000000
47100.000000000000	51000.000000000000	-45818.592860696473	10911.761923068783	-1.337000000000
46000.000000000000	52000.000000000000	-44705.534002813918	10835.830818319751	-1.333000000000
45400.000000000000	53000.000000000000	-44164.843224535456	10517.919136036577	-1.337000000000
44700.000000000000	54000.000000000000	-43420.970665718094	10616.463933290062	-1.331000000000
43900.000000000000	55000.000000000000	-42725.907765851523	10084.979205925421	-1.339000000000
43700.000000000000	56000.000000000000	-42480.530105108075	10251.563880160251	-1.334000000000
42700.000000000000	57000.000000000000	-41508.435594693707	10016.974317685188	-1.334000000000
42100.000000000000	58000.000000000000	-40964.356264425041	9712.441291521967	-1.338000000000
41400.000000000000	59000.000000000000	-40283.238701833652	9550.951768860083	-1.338000000000
40800.000000000000	60000.000000000000	-39680.519197557085	9491.912147312771	-1.336000000000
40100.000000000000	61000.000000000000	-39073.109681085079	9016.767705219847	-1.344000000000
39900.000000000000	62000.000000000000	-38940.080876962944	8699.431090340593	-1.351000000000
39300.000000000000	63000.000000000000	-38109.211947991120	9600.935616026743	-1.324000000000
39200.000000000000	64000.000000000000	-38222.428361564423	8699.768396059495	-1.347000000000
38500.000000000000	65000.000000000000	-37479.154855269793	8806.983100625686	-1.340000000000
37800.000000000000	66000.000000000000	-36882.342925847712	8278.452772116969	-1.350000000000
36700.000000000000	67000.000000000000	-35817.066871792987	8001.732356278189	-1.351000000000
36800.000000000000	68000.000000000000	-35874.094617074777	8203.007704809663	-1.346000000000
35600.000000000000	69000.000000000000	-34743.530807515810	7761.898416444238	-1.351000000000
36100.000000000000	70000.000000000000	-35117.859920831055	8363.367418742740	-1.337000000000
35400.000000000000	71000.000000000000	-34485.491211792068	7994.429052872487	-1.343000000000
35800.000000000000	72000.000000000000	-34930.896210194398	7840.439397930885	-1.350000000000
34300.000000000000	73000.000000000000	-33334.778615141688	8079.760805834076	-1.333000000000
33700.000000000000	74000.000000000000	-32703.443168560872	8134.789789583327	-1.327000000000
33200.000000000000	75000.000000000000	-32327.265216396030	7562.269740546892	-1.341000000000
33600.000000000000	76000.000000000000	-32716.750339485141	7653.381424167939	-1.341000000000
32700.000000000000	77000.000000000000	-31948.548346079711	6969.953986807034	-1.356000000000
32800.000000000000	78000.000000000000	-32025.132345739399	7087.375976895553	-1.353000000000
32100.000000000000	79000.000000000000	-31327.734239361169	6998.790426063484	-1.351000000000
32100.000000000000	80000.000000000000	-31313.674012393167	7061.431855195717	-1.349000000000
31800.000000000000	81000.000000000000	-30956.808425911156	7274.339288309008	-1.340000000000
31200.000000000000	82000.000000000000	-30442.568764191765	6833.008637302894	-1.350000000000
30900.000000000000	83000.000000000000	-30129.414193171957	6857.725597914245	-1.347000000000
30600.000000000000	84000.000000000000	-29857.134749495766	6701.604625047070	-1.350000000000
30200.000000000000	85000.000000000000	-29460.216672095750	6643.465483704382	-1.349000000000
29800.000000000000	86000.000000000000	-29076.556063234442	6526.399275372637	-1.350000000000
29600.000000000000	87000.000000000000	-28894.318816098028	6424.822188487677	-1.352000000000
29200.000000000000	88000.000000000000	-28497.502797175890	6366.500948319431	-1.351000000000
29000.000000000000	89000.000000000000	-28289.612036118437	6379.486722762485	-1.349000000000
28700.000000000000	90000.000000000000	-28003.260369625117	6285.491919570291	-1.350000000000
28500.000000000000	91000.000000000000	-27814.343483544962	6213.879350243280	-1.351000000000
28100.000000000000	92000.000000000000	-27448.253944140255	6016.922420805246	-1.355000000000
27900.000000000000	93000.000000000000	-27240.890013601500	6028.591151078839	-1.353000000000
27900.000000000000	94000.000000000000	-27258.853176012966	5946.841474982149	-1.356000000000
27500.000000000000	95000.000000000000	-26873.893392274633	5834.711127438773	-1.357000000000
27300.000000000000	96000.000000000000	-26678.446894876273	5792.276864693763	-1.357000000000
27100.000000000000	97000.000000000000	-26517.022553518567	5590.842056093840	-1.363000000000
26800.000000000000	98000.000000000000	-26234.481625711800	5476.492840330385	-1.365000000000
26400.000000000000	99000.000000000000	-25837.514523760252	5420.594361735436	-1.364000000000
26100.000000000000	100000.000000000000	-25543.906404172067	5358.996698533897	-1.364000000000
25900.000000000000	101000.000000000000	-25326.693203074690	5419.281446587759	-1.360000000000
25600.000000000000	102000.000000000000	-25049.290677862558	5281.385853727023	-1.363000000000
25400.000000000000	103000.000000000000	-24848.340543492854	5264.975995634659	-1.362000000000
25200.000000000000	104000.000000000000	-24636.902846775341	5297.453927931137	-1.359000000000
24900.000000000000	105000.000000000000	-24348.828600639375	5210.042780696340	-1.360000000000
24800.000000000000	106000.000000000000	-24271.604552623266	5092.073491327227	-1.364000000000
24300.000000000000	107000.000000000000	-23731.175308038917	5226.979864044245	-1.354000000000
24400.000000000000	108000.000000000000	-23875.105177337751	5033.820891833569	-1.363000000000
24200.000000000000	109000.000000000000	-23638.709802426838	5181.833543896333	-1.355000000000
23900.000000000000	110000.000000000000	-23370.963998204057	5000.804114804921	-1.360000000000
23700.000000000000	111000.000000000000	-23180.338445577552	4935.778514933503	-1.361000000000
23500.000000000000	112000.000000000000	-22979.818157229933	4917.108648448353	-1.360000000000
23400.000000000000	113000.000000000000	-22872.193569902785	4941.939022377514	-1.358000000000
23200.000000000000	114000.000000000000	-22705.694581486281	4763.552620919019	-1.364000000000
23000.000000000000	115000.000000000000	-22495.687099083701	4789.996027150657	-1.361000000000
22900.000000000000	116000.000000000000	-22393.099395768742	4791.565448913501	-1.360000000000
22700.000000000000	117000.000000000000	-22192.765659595250	4771.912863652254	-1.359000000000
22500.000000000000	118000.000000000000	-22006.650423016665	4685.865678734338	-1.361000000000
22300.000000000000	119000.000000000000	-21801.703709646434	4687.826293367632	-1.359000000000
22200.000000000000	120000.000000000000	-21699.260566318026	4688.506251999181	-1.358000000000
22000.000000000000	121000.000000000000	-21513.021253576957	4603.250649611224	-1.360000000000
21900.000000000000	122000.000000000000	-21415.234793333428	4582.326783022082	-1.360000000000
21700.000000000000	123000.000000000000	-21219.661872846362	4540.479049843798	-1.360000000000
21600.000000000000	124000.000000000000	-21117.345297236006	4540.674795369545	-1.359000000000
21400.000000000000	125000.000000000000	-20935.216048454611	4435.845917581957	-1.362000000000
21300.000000000000	126000.000000000000	-20828.516031872237	4456.783583487230	-1.360000000000
21000.000000000000	127000.000000000000	-20573.870556894235	4209.020112586829	-1.369000000000
20900.000000000000	128000.000000000000	-20467.480844198672	4229.920553906465	-1.367000000000
20800.000000000000	129000.000000000000	-20369.550313843654	4209.681699581554	-1.367000000000
20500.000000000000	130000.000000000000	-20046.224349923985	4289.392650774095	-1.360000000000
20500.000000000000	131000.000000000000	-20050.503718748518	4269.344285069064	-1.361000000000
20300.000000000000	132000.000000000000	-19871.640932908565	4148.238979802493	-1.365000000000
20200.000000000000	133000.000000000000	-19769.613385604436	4147.575988903629	-1.364000000000
20200.000000000000	134000.000000000000	-19752.864969193390	4226.621051006669	-1.360000000000
20000.000000000000	135000.000000000000	-19561.467042681481	4165.213936652745	-1.361000000000
19800.000000000000	136000.000000000000	-19378.135892820188	4065.445771301577	-1.364000000000
19700.000000000000	137000.000000000000	-19276.211966948922	4064.191457750873	-1.363000000000
19600.000000000000	138000.000000000000	-19174.310025687399	4062.737382458241	-1.362000000000
19400.000000000000	139000.000000000000	-18986.658400035943	3983.315553699525	-1.364000000000
19300.000000000000	140000.000000000000	-18888.789026839881	3962.782999299012	-1.364000000000
19100.000000000000	141000.000000000000	-18708.587565975275	3846.914515067280	-1.368000000000
19000.000000000000	142000.000000000000	-18587.341351431663	3938.367870750335	-1.362000000000
19000.000000000000	143000.000000000000	-18591.270424976119	3919.778563313025	-1.363000000000
18800.000000000000	144000.000000000000	-18407.125597295286	3823.313647269431	-1.366000000000
18700.000000000000	145000.000000000000	-18309.215354756481	3802.976872549913	-1.366000000000
18600.000000000000	146000.000000000000	-18199.875258134514	3837.256909348540	-1.363000000000
18500.000000000000	147000.000000000000	-18128.299135874364	3689.819838455098	-1.370000000000
18400.000000000000	148000.000000000000	-18015.484627140067	3741.966548391359	-1.366000000000
18300.000000000000	149000.000000000000	-17913.843796661415	3739.545484255450	-1.365000000000
18200.000000000000	150000.000000000000	-17823.356524613198	3683.471487133860	-1.367000000000
18100.000000000000	151000.000000000000	-17725.425994258181	3663.232632808948	-1.367000000000
18000.000000000000	152000.000000000000	-17623.843656984849	3660.619449513285	-1.366000000000
17900.000000000000	153000.000000000000	-17529.564933548147	3622.754924159126	-1.367000000000
17800.000000000000	154000.000000000000	-17428.023171907240	3619.945900074249	-1.366000000000
17600.000000000000	155000.000000000000	-17239.326762364650	3544.800809695504	-1.368000000000
17500.000000000000	156000.000000000000	-17134.292444290826	3558.935575915694	-1.366000000000
17400.000000000000	157000.000000000000	-17039.912281773057	3521.560652534569	-1.367000000000
17300.000000000000	158000.000000000000	-16938.471959213217	3518.262026476658	-1.366000000000
17200.000000000000	159000.000000000000	-16844.051221063022	3481.082943884747	-1.367000000000
17100.000000000000	160000.000000000000	-16746.120690708005	3460.844089559836	-1.367000000000
17000.000000000000	161000.000000000000	-16648.190160352988	3440.605235234924	-1.367000000000
17000.000000000000	162000.000000000000	-16648.190160352988	3440.605235234924	-1.367000000000
16900.000000000000	163000.000000000000	-16550.259629997970	3420.366380910013	-1.367000000000
16800.000000000000	164000.000000000000	-16452.329099642953	3400.127526585101	-1.367000000000
16700.000000000000	165000.000000000000	-16357.770280198276	3363.532586472438	-1.368000000000
16600.000000000000	166000.000000000000	-16259.819559957568	3343.391672780986	-1.368000000000
16500.000000000000	167000.000000000000	-16161.868839716861	3323.250759089535	-1.368000000000
16400.000000000000	168000.000000000000	-16063.918119476151	3303.109845398083	-1.368000000000
16300.000000000000	169000.000000000000	-15962.676447867865	3298.933254960545	-1.367000000000
16200.000000000000	170000.000000000000	-15868.016678994736	3262.828018015180	-1.368000000000
16200.000000000000	171000.000000000000	-15874.510594657549	3231.085480160680	-1.370000000000
16100.000000000000	172000.000000000000	-15776.519788517688	3211.140508060923	-1.370000000000
16000.000000000000	173000.000000000000	-15672.115238513319	3222.546190632276	-1.368000000000
15900.000000000000	174000.000000000000	-15574.164518272612	3202.405276940824	-1.368000000000
15800.000000000000	175000.000000000000	-15482.547370098104	3151.305591761651	-1.370000000000
15700.000000000000	176000.000000000000	-15375.093265737760	3177.500129011077	-1.367000000000
15700.000000000000	177000.000000000000	-15387.680231778371	3115.974499981851	-1.371000000000
15600.000000000000	178000.000000000000	-15283.446699407146	3126.700655064502	-1.369000000000
15500.000000000000	179000.000000000000	-15185.475887231460	3106.657702147422	-1.369000000000
15400.000000000000	180000.000000000000	-15090.584145538658	3071.525703362622	-1.370000000000
15400.000000000000	181000.000000000000	-15090.584145538658	3071.525703362622	-1.370000000000
15300.000000000000	182000.000000000000	-14995.637423325419	3036.586614631995	-1.371000000000
15200.000000000000	183000.000000000000	-14897.626721212182	3016.739643294531	-1.371000000000
15100.000000000000	184000.000000000000	-14799.616019098943	2996.892671957067	-1.371000000000
15100.000000000000	185000.000000000000	-14793.592638528713	3026.485890479101	-1.369000000000
15000.000000000000	186000.000000000000	-14701.605316985706	2977.045700619602	-1.371000000000
14900.000000000000	187000.000000000000	-14609.479801208607	2927.985645128362	-1.373000000000
14800.000000000000	188000.000000000000	-14502.639308699490	2951.855870764078	-1.370000000000
14800.000000000000	189000.000000000000	-14505.583912759230	2937.351757944675	-1.371000000000
14700.000000000000	190000.000000000000	-14404.648502559628	2931.910898664321	-1.370000000000
14600.000000000000	191000.000000000000	-14303.738577650278	2926.271125893700	-1.369000000000
14600.000000000000	192000.000000000000	-14312.453011084421	2883.346806317352	-1.372000000000
14500.000000000000	193000.000000000000	-14202.854434902696	2920.432485260500	-1.368000000000
14400.000000000000	194000.000000000000	-14116.392010932579	2843.848904860950	-1.372000000000
14400.000000000000	195000.000000000000	-14119.228801168050	2829.731093278417	-1.373000000000
14300.000000000000	196000.000000000000	-14015.530402193039	2838.116901257355	-1.371000000000
14200.000000000000	197000.000000000000	-13923.128401151827	2790.429272538439	-1.373000000000
14200.000000000000	198000.000000000000	-13920.331010780737	2804.351003404548	-1.372000000000
14100.000000000000	199000.000000000000	-13819.508997966563	2798.422958582426	-1.371000000000
14000.000000000000	200000.000000000000	-13721.498295853326	2778.575987244963	-1.371000000000
13900.000000000000	201000.000000000000	-13628.977801127492	2731.476541428472	-1.373000000000
13900.000000000000	202000.000000000000	-13628.977801127492	2731.476541428472	-1.373000000000
13800.000000000000	203000.000000000000	-13528.209010477056	2725.355200491744	-1.372000000000
13800.000000000000	204000.000000000000	-13533.632660835232	2698.293349799814	-1.374000000000
13700.000000000000	205000.000000000000	-13430.178510401134	2705.606249763543	-1.372000000000
13700.000000000000	206000.000000000000	-13435.562858945121	2678.740499438946	-1.374000000000
13600.000000000000	207000.000000000000	-13337.493057055011	2659.187649078078	-1.374000000000
13500.000000000000	208000.000000000000	-13236.777001095046	2652.872899948516	-1.373000000000
13500.000000000000	209000.000000000000	-13239.423255164900	2639.634798717209	-1.374000000000
13400.000000000000	210000.000000000000	-13146.567330979913	2593.794018809446	-1.376000000000
13400.000000000000	211000.000000000000	-13138.726801086936	2633.221989578527	-1.373000000000
13300.000000000000	212000.000000000000	-13035.423381060658	2639.647187882714	-1.371000000000
13300.000000000000	213000.000000000000	-13045.877658407970	2587.484516253529	-1.375000000000
13200.000000000000	214000.000000000000	-12945.213849494570	2580.976247634605	-1.374000000000
13100.000000000000	215000.000000000000	-12841.995509945611	2587.112545394336	-1.372000000000
13100.000000000000	216000.000000000000	-12841.995509945611	2587.112545394336	-1.372000000000
13000.000000000000	217000.000000000000	-12751.609741301023	2529.120203856834	-1.375000000000
13000.000000000000	218000.000000000000	-12746.526001054490	2554.618348098571	-1.373000000000
12900.000000000000	219000.000000000000	-12653.520435598708	2509.665433057934	-1.375000000000
12900.000000000000	220000.000000000000	-12645.934509793769	2547.614643937934	-1.372000000000
12800.000000000000	221000.000000000000	-12550.425601038267	2515.316527358593	-1.373000000000
12800.000000000000	222000.000000000000	-12555.431129896393	2490.210662259036	-1.375000000000
12700.000000000000	223000.000000000000	-12457.341824194076	2470.755891460137	-1.375000000000
12700.000000000000	224000.000000000000	-12457.341824194076	2470.755891460137	-1.375000000000
12600.000000000000	225000.000000000000	-12356.795038153907	2463.659145469395	-1.374000000000
12600.000000000000	226000.000000000000	-12359.252518491761	2451.301120661239	-1.375000000000
12500.000000000000	227000.000000000000	-12258.725236263797	2444.106295108527	-1.374000000000
12500.000000000000	228000.000000000000	-12261.163212789446	2431.846349862340	-1.375000000000
12400.000000000000	229000.000000000000	-12158.224801005821	2436.712885878637	-1.373000000000
12400.000000000000	230000.000000000000	-12160.655434373686	2424.553444747659	-1.374000000000
12300.000000000000	231000.000000000000	-12062.585632483577	2405.000594386791	-1.374000000000
12300.000000000000	232000.000000000000	-12064.984601384815	2392.936808264542	-1.375000000000
12200.000000000000	233000.000000000000	-11966.895295682500	2373.482037465644	-1.375000000000
12200.000000000000	234000.000000000000	-11962.124400989598	2397.411065138659	-1.373000000000
12100.000000000000	235000.000000000000	-11866.446028703356	2365.894893665054	-1.374000000000
12100.000000000000	236000.000000000000	-11868.805989980183	2354.027266666745	-1.375000000000
12000.000000000000	237000.000000000000	-11770.716684277868	2334.572495867846	-1.375000000000
12000.000000000000	238000.000000000000	-11768.376226813245	2346.342043304186	-1.374000000000
11900.000000000000	239000.000000000000	-11670.306424923134	2326.789192943318	-1.374000000000
11900.000000000000	240000.000000000000	-11670.306424923134	2326.789192943318	-1.374000000000
11800.000000000000	241000.000000000000	-11572.236623033024	2307.236342582450	-1.374000000000
11800.000000000000	242000.000000000000	-11572.236623033024	2307.236342582450	-1.374000000000
11800.000000000000	243000.000000000000	-11574.538072873236	2295.662954270049	-1.375000000000
11700.000000000000	244000.000000000000	-11474.166821142913	2287.683492221582	-1.374000000000
11700.000000000000	245000.000000000000	-11478.719236751120	2264.730598512725	-1.376000000000
11600.000000000000	246000.000000000000	-11378.359461468606	2256.753412672251	-1.375000000000
11600.000000000000	247000.000000000000	-11376.097019252804	2268.130641860713	-1.374000000000
11500.000000000000	248000.000000000000	-11280.270155766289	2237.298641873353	-1.375000000000
11500.000000000000	249000.000000000000	-11282.501813900672	2226.017254948405	-1.376000000000
11500.000000000000	250000.000000000000	-11282.501813900672	2226.017254948405	-1.376000000000
11400.000000000000	251000.000000000000	-11182.180850063974	2217.843871074454	-1.375000000000
11400.000000000000	252000.000000000000	-11179.957415472583	2229.024941138977	-1.374000000000
11400.000000000000	253000.000000000000	-11182.180850063974	2217.843871074454	-1.375000000000
11300.000000000000	254000.000000000000	-11081.887613582472	2209.472090778109	-1.374000000000
11300.000000000000	255000.000000000000	-11084.091544361660	2198.389100275555	-1.375000000000
11200.000000000000	256000.000000000000	-10986.002238659343	2178.934329476656	-1.375000000000
11200.000000000000	257000.000000000000	-10983.817811692363	2189.919240417240	-1.374000000000
11100.000000000000	258000.000000000000	-10885.748009802252	2170.366390056372	-1.374000000000
11100.000000000000	259000.000000000000	-10885.748009802252	2170.366390056372	-1.374000000000
11100.000000000000	260000.000000000000	-10885.748009802252	2170.366390056372	-1.374000000000
11000.000000000000	261000.000000000000	-10789.823627254713	2140.024787878859	-1.375000000000
10960.000000000000	262000.000000000000	-10750.587904973787	2132.242879559300	-1.375000000000
10940.000000000000	263000.000000000000	-10737.306800702961	2096.149485980883	-1.378000000000
10910.000000000000	264000.000000000000	-10699.415386211042	2133.215974370723	-1.374000000000
10850.000000000000	265000.000000000000	-10646.890065777901	2089.553044849502	-1.377000000000
10820.000000000000	266000.000000000000	-10613.262876990544	2105.006200440841	-1.375000000000
10810.000000000000	267000.000000000000	-10603.453946420313	2103.060723360952	-1.375000000000
10740.000000000000	268000.000000000000	-10536.875607068976	2078.906549403989	-1.376000000000
10700.000000000000	269000.000000000000	-10499.698037218759	2060.665214736376	-1.377000000000
10680.000000000000	270000.000000000000	-10475.937849007303	2077.769521322383	-1.375000000000
10630.000000000000	271000.000000000000	-10424.819940918733	2078.467993360292	-1.374000000000
10600.000000000000	272000.000000000000	-10397.466404445449	2062.205704683264	-1.375000000000
10560.000000000000	273000.000000000000	-10364.347332305600	2023.339906029079	-1.378000000000
10530.000000000000	274000.000000000000	-10332.880404851732	2027.925673941499	-1.377000000000
10480.000000000000	275000.000000000000	-10281.792957363396	2028.579202770372	-1.376000000000
10440.000000000000	276000.000000000000	-10242.549472793306	2020.836534057509	-1.376000000000
10430.000000000000	277000.000000000000	-10232.738601650784	2018.900866879292	-1.376000000000
10390.000000000000	278000.000000000000	-10189.452416382468	2031.541152494208	-1.374000000000
10350.000000000000	279000.000000000000	-10152.243140189661	2013.568777686017	-1.375000000000
10330.000000000000	280000.000000000000	-10132.625279049198	2009.677823526238	-1.375000000000
10290.000000000000	281000.000000000000	-10095.386405655472	1991.801526384268	-1.376000000000
10250.000000000000	282000.000000000000	-10056.142921085382	1984.058857671404	-1.376000000000
10210.000000000000	283000.000000000000	-10018.870743925565	1966.298303033495	-1.377000000000
10190.000000000000	284000.000000000000	-9999.245140117679	1962.446592351745	-1.377000000000
10140.000000000000	285000.000000000000	-9946.255598214799	1972.713759008330	-1.375000000000
10140.000000000000	286000.000000000000	-9944.277911657193	1982.659026592037	-1.374000000000
10080.000000000000	287000.000000000000	-9889.358111662503	1951.152515641732	-1.376000000000
10060.000000000000	288000.000000000000	-9867.784153652947	1957.149942369211	-1.375000000000
10020.000000000000	289000.000000000000	-9832.427507750652	1929.707051556868	-1.377000000000
10000.000000000000	290000.000000000000	-9812.801903942765	1925.855340875117	-1.377000000000
9970.000000000000	291000.000000000000	-9783.363498230938	1920.077774852492	-1.377000000000
9940.000000000000	292000.000000000000	-9752.005915667190	1924.053175146708	-1.376000000000
9900.000000000000	293000.000000000000	-9714.673884903339	1906.596787466366	-1.377000000000
9870.000000000000	294000.000000000000	-9683.329817669533	1910.503504899196	-1.376000000000
9840.000000000000	295000.000000000000	-9653.897204241966	1904.696503364548	-1.376000000000
9810.000000000000	296000.000000000000	-9624.464590814399	1898.889501829900	-1.376000000000
9780.000000000000	297000.000000000000	-9595.031977386832	1893.082500295252	-1.376000000000
9750.000000000000	298000.000000000000	-9565.599363959265	1887.275498760604	-1.376000000000
9730.000000000000	298999.999999999999	-9544.089444835305	1892.949198732845	-1.375000000000
9690.000000000000	299999.999999999999	-9504.853722554379	1885.167290413286	-1.375000000000
9650.000000000000	300999.999999999999	-9467.490652534043	1867.918826978444	-1.376000000000
9630.000000000000	301999.999999999999	-9447.868910248997	1864.047492622012	-1.376000000000
9600.000000000000	302999.999999999999	-9416.573347422294	1867.657996694277	-1.375000000000
9580.000000000000	303999.999999999999	-9398.814554536386	1854.369156730932	-1.376000000000
9540.000000000000	304999.999999999999	-9359.571069966298	1846.626488018068	-1.376000000000
9510.000000000000	305999.999999999999	-9330.138456538731	1840.819486483420	-1.376000000000
9480.000000000000	306999.999999999999	-9300.705843111164	1835.012484948772	-1.376000000000
9470.000000000000	307999.999999999999	-9292.723403033799	1823.785007808736	-1.377000000000
9430.000000000000	308999.999999999999	-9251.651487398551	1825.334149057692	-1.376000000000
9400.000000000000	309999.999999999999	-9220.394736017663	1828.748455096480	-1.375000000000
9370.000000000000	310999.999999999999	-9190.967944306969	1822.912023856810	-1.375000000000
9330.000000000000	311999.999999999999	-9149.912516347298	1824.280938669005	-1.374000000000
9310.000000000000	312999.999999999999	-9135.718572570715	1792.971322354734	-1.377000000000
9280.000000000000	313999.999999999999	-9104.488420260717	1796.299141384452	-1.376000000000
9260.000000000000	314999.999999999999	-9084.866677975671	1792.427807028020	-1.376000000000
9240.000000000000	315999.999999999999	-9065.244935690627	1788.556472671588	-1.376000000000
9200.000000000000	316999.999999999999	-9026.001451120537	1780.813803958724	-1.376000000000
9180.000000000000	317999.999999999999	-9006.379708835493	1776.942469602292	-1.376000000000
9160.000000000000	318999.999999999999	-8986.757966550449	1773.071135245860	-1.376000000000
9120.000000000000	319999.999999999999	-8947.514481980359	1765.328466532996	-1.376000000000
9100.000000000000	320999.999999999999	-8927.892739695315	1761.457132176564	-1.376000000000
9070.000000000000	321999.999999999999	-8898.460126267748	1755.650130641916	-1.376000000000
9050.000000000000	322999.999999999999	-8878.838383982704	1751.778796285484	-1.376000000000
9020.000000000000	323999.999999999999	-8851.147317356375	1737.121517469356	-1.377000000000
9000.000000000000	324999.999999999999	-8831.521713548489	1733.269806787606	-1.377000000000
8980.000000000000	325999.999999999999	-8810.162285985047	1738.229126037972	-1.376000000000
8950.000000000000	326999.999999999999	-8780.729672557480	1732.422124503324	-1.376000000000
8930.000000000000	327999.999999999999	-8761.107930272436	1728.550790146892	-1.376000000000
8900.000000000000	328999.999999999999	-8731.675316844869	1722.743788612244	-1.376000000000
8880.000000000000	329999.999999999999	-8712.053574559823	1718.872454255812	-1.376000000000
8850.000000000000	330999.999999999999	-8680.903554654928	1721.747215702537	-1.375000000000
8820.000000000000	331999.999999999999	-8656.585555959791	1689.948671512924	-1.378000000000
8800.000000000000	332999.999999999999	-8631.858901803769	1712.019830303087	-1.375000000000
8770.000000000000	333999.999999999999	-8604.133991992077	1697.580115295436	-1.376000000000
8750.000000000000	334999.999999999999	-8582.814248952613	1702.292444903638	-1.375000000000
8730.000000000000	335999.999999999999	-8564.890507421989	1689.837446582572	-1.376000000000
8700.000000000000	336999.999999999999	-8535.457893994422	1684.030445047924	-1.376000000000
8680.000000000000	337999.999999999999	-8514.151734960991	1688.674105344409	-1.375000000000
8660.000000000000	338999.999999999999	-8496.214409424332	1676.287776335060	-1.376000000000
8630.000000000000	339999.999999999999	-8466.781795996765	1670.480774800412	-1.376000000000
8600.000000000000	340999.999999999999	-8435.680290399139	1673.110288705290	-1.375000000000
8580.000000000000	341999.999999999999	-8419.384033582894	1652.383882470851	-1.377000000000
8560.000000000000	342999.999999999999	-8398.105697999110	1656.931104552900	-1.376000000000
8540.000000000000	343999.999999999999	-8378.483955714064	1653.059770196468	-1.376000000000
8520.000000000000	344999.999999999999	-8358.862213429020	1649.188435840036	-1.376000000000
8490.000000000000	345999.999999999999	-8329.429600001453	1643.381434305388	-1.376000000000
8470.000000000000	346999.999999999999	-8309.807857716409	1639.510099948956	-1.376000000000
8450.000000000000	347999.999999999999	-8288.546331845666	1643.928132506942	-1.375000000000
8430.000000000000	348999.999999999999	-8268.928470705203	1640.037178347162	-1.375000000000
8400.000000000000	349999.999999999999	-8241.131759718752	1625.960429701444	-1.376000000000
8370.000000000000	350999.999999999999	-8210.074887283812	1628.364315867823	-1.375000000000
8370.000000000000	351999.999999999999	-8210.074887283812	1628.364315867823	-1.375000000000
8340.000000000000	352999.999999999999	-8180.648095573119	1622.527884628153	-1.375000000000
8330.000000000000	353999.999999999999	-8170.839165002887	1620.582407548263	-1.375000000000
8300.000000000000	354999.999999999999	-8141.412373292192	1614.745976308594	-1.375000000000
8270.000000000000	355999.999999999999	-8113.590434865961	1600.796756384635	-1.376000000000
8250.000000000000	356999.999999999999	-8093.968692580917	1596.925422028203	-1.376000000000
8230.000000000000	357999.999999999999	-8072.749859300571	1601.127636749364	-1.375000000000
8200.000000000000	358999.999999999999	-8043.323067589877	1595.291205509695	-1.375000000000
8190.000000000000	359999.999999999999	-8031.916774800040	1601.378444555107	-1.374000000000
8170.000000000000	360999.999999999999	-8012.302814422018	1597.467874482933	-1.374000000000
8150.000000000000	361999.999999999999	-7994.278414738718	1585.563820110246	-1.375000000000
8130.000000000000	362999.999999999999	-7973.074893665974	1589.646734338586	-1.374000000000
8100.000000000000	363999.999999999999	-7943.653953098940	1583.780879230326	-1.374000000000
8090.000000000000	364999.999999999999	-7935.424831317329	1573.890957630906	-1.375000000000
8060.000000000000	365999.999999999999	-7907.562140872993	1560.147745642099	-1.376000000000
8030.000000000000	366999.999999999999	-7876.571247895940	1562.218095151567	-1.375000000000
8020.000000000000	367999.999999999999	-7866.762317325708	1560.272618071677	-1.375000000000
8000.000000000000	368999.999999999999	-7845.584151208830	1564.228028869457	-1.374000000000
7980.000000000000	369999.999999999999	-7827.526595044782	1552.490709752118	-1.375000000000
7950.000000000000	370999.999999999999	-7796.549250263774	1554.451603689023	-1.374000000000
7940.000000000000	371999.999999999999	-7786.742270074764	1552.496318652936	-1.374000000000
7930.000000000000	372999.999999999999	-7776.935289885752	1550.541033616850	-1.374000000000
7900.000000000000	373999.999999999999	-7747.514349318720	1544.675178508589	-1.374000000000
7880.000000000000	374999.999999999999	-7727.900388940698	1540.764608436416	-1.374000000000
7870.000000000000	375999.999999999999	-7718.093408751686	1538.809323400329	-1.374000000000
7840.000000000000	376999.999999999999	-7690.201567061540	1525.254030633660	-1.375000000000
7830.000000000000	377999.999999999999	-7678.865487995642	1530.988183255982	-1.374000000000
7810.000000000000	378999.999999999999	-7660.774775350846	1519.417599393990	-1.375000000000
7780.000000000000	379999.999999999999	-7631.347983640151	1513.581168154320	-1.375000000000
7770.000000000000	380999.999999999999	-7618.500540630260	1526.875735748146	-1.373000000000
7750.000000000000	381999.999999999999	-7598.890500628638	1522.945553674148	-1.373000000000
7730.000000000000	382999.999999999999	-7580.795686105532	1511.435332895113	-1.374000000000
7710.000000000000	383999.999999999999	-7559.670420625393	1515.085189526153	-1.373000000000
7690.000000000000	384999.999999999999	-7540.060380623770	1511.155007452155	-1.373000000000
7670.000000000000	385999.999999999999	-7521.953804971466	1499.703622678592	-1.374000000000
7660.000000000000	386999.999999999999	-7510.645320621337	1505.259734341158	-1.373000000000
7640.000000000000	387999.999999999999	-7492.532864404433	1493.837767570332	-1.374000000000
7620.000000000000	388999.999999999999	-7472.918904026411	1489.927197498158	-1.374000000000
7600.000000000000	389999.999999999999	-7451.815200616471	1493.469188119165	-1.373000000000
7580.000000000000	390999.999999999999	-7433.690983270367	1482.106057353811	-1.374000000000
7560.000000000000	391999.999999999999	-7412.595120613226	1485.608823971169	-1.373000000000
7550.000000000000	392999.999999999999	-7402.790100612415	1483.643732934170	-1.373000000000
7530.000000000000	393999.999999999999	-7381.696655716828	1487.095989833538	-1.372000000000
7510.000000000000	394999.999999999999	-7363.570020609171	1475.783368786175	-1.373000000000
7500.000000000000	395999.999999999999	-7353.765000608360	1473.818277749176	-1.373000000000
7480.000000000000	396999.999999999999	-7334.154960606736	1469.888095675178	-1.373000000000
7460.000000000000	397999.999999999999	-7314.544920605114	1465.957913601180	-1.373000000000
7440.000000000000	398999.999999999999	-7294.934880603492	1462.027731527182	-1.373000000000
7420.000000000000	399999.999999999999	-7273.863105633315	1465.372144032517	-1.372000000000
7400.000000000000	400999.999999999999	-7255.714800600248	1454.167367379187	-1.373000000000
7390.000000000000	401999.999999999999	-7245.909780599436	1452.202276342188	-1.373000000000
7370.000000000000	402999.999999999999	-7224.847855595355	1455.497668668417	-1.372000000000
7360.000000000000	403999.999999999999	-7215.044805587763	1453.522773595597	-1.372000000000
7340.000000000000	404999.999999999999	-7195.438705572578	1449.572983449957	-1.372000000000
7330.000000000000	405999.999999999999	-7188.516478545091	1433.223931451640	-1.374000000000
7300.000000000000	406999.999999999999	-7157.664600592137	1434.516457009198	-1.373000000000
7290.000000000000	407999.999999999999	-7147.859580591325	1432.551365972199	-1.373000000000
7280.000000000000	408999.999999999999	-7136.620405527026	1437.723613013036	-1.372000000000
7260.000000000000	409999.999999999999	-7115.576973421082	1440.890119099888	-1.371000000000
7240.000000000000	410999.999999999999	-7097.408205496658	1429.824032721755	-1.372000000000
7230.000000000000	411999.999999999999	-7087.605155489065	1427.849137648935	-1.372000000000
7210.000000000000	412999.999999999999	-7067.999055473882	1423.899347503295	-1.372000000000
7190.000000000000	413999.999999999999	-7048.392955458698	1419.949557357655	-1.372000000000
7180.000000000000	414999.999999999999	-7038.589905451106	1417.974662284835	-1.372000000000
7160.000000000000	415999.999999999999	-7017.566271307844	1421.043147762424	-1.371000000000
7140.000000000000	416999.999999999999	-7000.784280579158	1403.075000417215	-1.373000000000
7130.000000000000	417999.999999999999	-6989.574655413146	1408.100186920734	-1.372000000000
7120.000000000000	418999.999999999999	-6979.771605405553	1406.125291847914	-1.372000000000
7090.000000000000	419999.999999999999	-6950.362455382777	1400.200606629454	-1.372000000000
7080.000000000000	420999.999999999999	-6939.157709617253	1405.165570692452	-1.371000000000
7070.000000000000	421999.999999999999	-6929.356639405929	1403.180873558706	-1.371000000000
7050.000000000000	422999.999999999999	-6909.754498983281	1399.211479291213	-1.371000000000
7030.000000000000	423999.999999999999	-6890.152358560634	1395.242085023720	-1.371000000000
7020.000000000000	424999.999999999999	-6880.351288349310	1393.257387889974	-1.371000000000
7000.000000000000	425999.999999999999	-6860.749147926663	1389.287993622481	-1.371000000000
6990.000000000000	426999.999999999999	-6852.331955306856	1380.451655901253	-1.372000000000
6970.000000000000	427999.999999999999	-6831.345937292691	1383.333902221242	-1.371000000000
6960.000000000000	428999.999999999999	-6822.922805284080	1374.526970682793	-1.372000000000
6940.000000000000	429999.999999999999	-6801.942726658720	1377.379810820003	-1.371000000000
6930.000000000000	430999.999999999999	-6792.141656447396	1375.395113686256	-1.371000000000
6920.000000000000	431999.999999999999	-6782.340586236072	1373.410416552510	-1.371000000000
6900.000000000000	432999.999999999999	-6762.738445813425	1369.441022285017	-1.371000000000
6880.000000000000	433999.999999999999	-6743.136305390777	1365.471628017524	-1.371000000000
6870.000000000000	434999.999999999999	-6731.968381808480	1370.219583253325	-1.370000000000
6860.000000000000	435999.999999999999	-6722.169301194494	1368.225086043350	-1.370000000000
6840.000000000000	436999.999999999999	-6702.571139966522	1364.236091623398	-1.370000000000
6820.000000000000	437999.999999999999	-6682.972978738549	1360.247097203447	-1.370000000000
6810.000000000000	438999.999999999999	-6673.173898124563	1358.252599993471	-1.370000000000
6790.000000000000	439999.999999999999	-6653.575736896591	1354.263605573520	-1.370000000000
6780.000000000000	440999.999999999999	-6643.776656282605	1352.269108363544	-1.370000000000
6770.000000000000	441999.999999999999	-6633.977575668618	1350.274611153568	-1.370000000000
6750.000000000000	442999.999999999999	-6614.379414440646	1346.285616733617	-1.370000000000
6740.000000000000	443999.999999999999	-6603.232740641293	1350.895026611201	-1.369000000000
6720.000000000000	444999.999999999999	-6583.638578206155	1346.886436027785	-1.369000000000
6710.000000000000	445999.999999999999	-6575.183091984702	1338.307627893714	-1.370000000000
6700.000000000000	446999.999999999999	-6565.384011370715	1336.313130683738	-1.370000000000
6680.000000000000	447999.999999999999	-6545.785850142743	1332.324136263787	-1.370000000000
6670.000000000000	448999.999999999999	-6535.986769528757	1330.329639053811	-1.370000000000
6650.000000000000	449999.999999999999	-6516.388608300785	1326.340644633859	-1.370000000000
6640.000000000000	450999.999999999999	-6506.589527686799	1324.346147423884	-1.370000000000
6630.000000000000	451999.999999999999	-6495.464847248038	1328.847778402413	-1.369000000000
6610.000000000000	452999.999999999999	-6474.542607910815	1331.314395004959	-1.368000000000
6600.000000000000	453999.999999999999	-6464.747535886744	1329.300303635814	-1.368000000000
6590.000000000000	454999.999999999999	-6456.276522377762	1320.830597235581	-1.369000000000
6570.000000000000	455999.999999999999	-6436.682359942625	1316.822006652165	-1.369000000000
6560.000000000000	456999.999999999999	-6426.885278725056	1314.817711360457	-1.369000000000
6540.000000000000	457999.999999999999	-6407.291116289919	1310.809120777041	-1.369000000000
6530.000000000000	458999.999999999999	-6396.182031718248	1315.201664051798	-1.368000000000
6520.000000000000	459999.999999999999	-6386.386959694178	1313.187572682652	-1.368000000000
6510.000000000000	460999.999999999999	-6377.899872637213	1304.796234901917	-1.369000000000
6490.000000000000	461999.999999999999	-6357.001743621965	1307.145298575217	-1.368000000000
6480.000000000000	462999.999999999999	-6347.206671597894	1305.131207206072	-1.368000000000
6470.000000000000	463999.999999999999	-6337.411599573823	1303.117115836927	-1.368000000000
6450.000000000000	464999.999999999999	-6317.821455525682	1299.088933098636	-1.368000000000
6440.000000000000	465999.999999999999	-6309.320304114232	1290.766167859961	-1.369000000000
6430.000000000000	466999.999999999999	-6298.231311477540	1295.060750360346	-1.368000000000
6410.000000000000	467999.999999999999	-6278.641167429399	1291.032567622056	-1.368000000000
6400.000000000000	468999.999999999999	-6268.846095405328	1289.018476252910	-1.368000000000
6390.000000000000	469999.999999999999	-6257.760889685623	1293.262791361833	-1.367000000000
6380.000000000000	470999.999999999999	-6247.967836650121	1291.238905929342	-1.367000000000
6370.000000000000	471999.999999999999	-6239.460879333115	1282.976202145475	-1.368000000000
6350.000000000000	472999.999999999999	-6218.588677543616	1285.167249631869	-1.367000000000
6340.000000000000	473999.999999999999	-6208.795624508114	1283.143364199378	-1.367000000000
6330.000000000000	474999.999999999999	-6199.002571472613	1281.119478766886	-1.367000000000
6320.000000000000	475999.999999999999	-6189.209518437111	1279.095593334395	-1.367000000000
6300.000000000000	476999.999999999999	-6169.623412366107	1275.047822469413	-1.367000000000
6290.000000000000	477999.999999999999	-6159.830359330605	1273.023937036922	-1.367000000000
6280.000000000000	478999.999999999999	-6150.037306295104	1271.000051604431	-1.367000000000
6270.000000000000	479999.999999999999	-6141.510159092407	1262.835288454023	-1.368000000000
6260.000000000000	480999.999999999999	-6130.451200224100	1266.952280739448	-1.367000000000
6240.000000000000	481999.999999999999	-6110.865094153097	1262.904509874466	-1.367000000000
6230.000000000000	482999.999999999999	-6099.808110167533	1266.981065025987	-1.366000000000
6220.000000000000	483999.999999999999	-6091.278988082093	1258.856739009484	-1.367000000000
6210.000000000000	484999.999999999999	-6081.485935046591	1256.832853576993	-1.367000000000
6190.000000000000	485999.999999999999	-6060.644013152012	1258.846355138180	-1.366000000000
6190.000000000000	486999.999999999999	-6061.899828975588	1252.785082712011	-1.367000000000
6170.000000000000	487999.999999999999	-6041.061964644251	1254.779000194276	-1.366000000000
6160.000000000000	488999.999999999999	-6031.270940390370	1252.745322722324	-1.366000000000
6140.000000000000	489999.999999999999	-6011.688891882610	1248.677967778421	-1.366000000000
6140.000000000000	490999.999999999999	-6010.437208278748	1254.689031329424	-1.365000000000
6120.000000000000	491999.999999999999	-5990.859236916276	1250.602096373954	-1.365000000000
6110.000000000000	492999.999999999999	-5981.070251235041	1248.558628896218	-1.365000000000
6100.000000000000	493999.999999999999	-5973.762351656072	1234.570113819590	-1.367000000000
6090.000000000000	494999.999999999999	-5961.492279872569	1244.471693940748	-1.365000000000
6080.000000000000	495999.999999999999	-5951.703294191333	1242.428226463013	-1.365000000000
6070.000000000000	496999.999999999999	-5941.914308510098	1240.384758985278	-1.365000000000
6060.000000000000	497999.999999999999	-5932.125322828861	1238.341291507542	-1.365000000000
6040.000000000000	498999.999999999999	-5912.547351466390	1234.254356552072	-1.365000000000
6030.000000000000	499999.999999999999	-5901.523203722512	1238.113030350935	-1.364000000000
6020.000000000000	500999.999999999999	-5892.969380103919	1230.167421596601	-1.365000000000
6010.000000000000	501999.999999999999	-5881.949329083300	1234.006519470832	-1.364000000000
6000.000000000000	502999.999999999999	-5873.391408741448	1226.080486641131	-1.365000000000
5990.000000000000	503999.999999999999	-5862.375454444087	1229.900008590730	-1.364000000000
5970.000000000000	504999.999999999999	-5842.801579804875	1225.793497710627	-1.364000000000
5960.000000000000	505999.999999999999	-5833.014642485269	1223.740242270576	-1.364000000000
5950.000000000000	506999.999999999999	-5823.227705165663	1221.686986830524	-1.364000000000
5940.000000000000	507999.999999999999	-5813.440767846057	1219.633731390473	-1.364000000000
5930.000000000000	508999.999999999999	-5803.653830526450	1217.580475950422	-1.364000000000
5920.000000000000	509999.999999999999	-5793.866893206844	1215.527220510370	-1.364000000000
5910.000000000000	510999.999999999999	-5782.863590084677	1219.257437325262	-1.363000000000
5900.000000000000	511999.999999999999	-5773.078710913636	1217.194395976150	-1.363000000000
5890.000000000000	512999.999999999999	-5763.293831742596	1215.131354627038	-1.363000000000
5880.000000000000	513999.999999999999	-5753.508952571557	1213.068313277926	-1.363000000000
5870.000000000000	514999.999999999999	-5743.724073400516	1211.005271928813	-1.363000000000
5850.000000000000	515999.999999999999	-5725.358331969601	1201.154432430011	-1.364000000000
5850.000000000000	516999.999999999999	-5724.154315058436	1206.879189230589	-1.363000000000
5840.000000000000	517999.999999999999	-5714.369435887396	1204.816147881477	-1.363000000000
5830.000000000000	518999.999999999999	-5704.584556716356	1202.753106532365	-1.363000000000
5820.000000000000	519999.999999999999	-5694.799677545316	1200.690065183253	-1.363000000000
5800.000000000000	520999.999999999999	-5675.229919203236	1196.563982485029	-1.363000000000
5790.000000000000	521999.999999999999	-5664.247706567859	1200.165787981286	-1.362000000000
5790.000000000000	522999.999999999999	-5664.247706567859	1200.165787981286	-1.362000000000
5770.000000000000	523999.999999999999	-5645.875281690116	1190.374858437692	-1.363000000000
5760.000000000000	524999.999999999999	-5636.090402519076	1188.311817088580	-1.363000000000
5750.000000000000	525999.999999999999	-5625.116461617477	1191.874487200759	-1.362000000000
5740.000000000000	526999.999999999999	-5615.333650379881	1189.801662005628	-1.362000000000
5730.000000000000	527999.999999999999	-5605.550839142285	1187.728836810496	-1.362000000000
5720.000000000000	528999.999999999999	-5594.579574206903	1191.251185882685	-1.361000000000
5720.000000000000	529999.999999999999	-5595.768027904690	1185.656011615364	-1.362000000000
5700.000000000000	530999.999999999999	-5576.202405429499	1181.510361225101	-1.362000000000
5690.000000000000	531999.999999999999	-5565.237373642881	1185.003364977706	-1.361000000000
5690.000000000000	532999.999999999999	-5566.419594191903	1179.437536029969	-1.362000000000
5670.000000000000	533999.999999999999	-5545.675906600200	1180.838151041053	-1.361000000000
5660.000000000000	534999.999999999999	-5535.895173078859	1178.755544072727	-1.361000000000
5650.000000000000	535999.999999999999	-5526.114439557518	1176.672937104400	-1.361000000000
5650.000000000000	536999.999999999999	-5526.114439557518	1176.672937104400	-1.361000000000
5640.000000000000	537999.999999999999	-5516.333706036177	1174.590330136074	-1.361000000000
5620.000000000000	538999.999999999999	-5496.772238993496	1170.425116199421	-1.361000000000
5620.000000000000	539999.999999999999	-5495.599065686477	1175.921302309776	-1.360000000000
5610.000000000000	540999.999999999999	-5486.991505472155	1168.342509231095	-1.361000000000
5590.000000000000	541999.999999999999	-5466.263127613418	1169.644142333034	-1.360000000000
5580.000000000000	542999.999999999999	-5457.649304908133	1162.094688326116	-1.361000000000
5570.000000000000	543999.999999999999	-5446.705835564711	1165.459369015205	-1.360000000000
5570.000000000000	544999.999999999999	-5447.868571386792	1160.012081357790	-1.361000000000
5560.000000000000	545999.999999999999	-5438.087837865452	1157.929474389463	-1.361000000000
5550.000000000000	546999.999999999999	-5427.148543516005	1161.274595697377	-1.360000000000
5540.000000000000	547999.999999999999	-5417.369897491652	1159.182209038463	-1.360000000000
5530.000000000000	548999.999999999999	-5406.431458042367	1162.496834184888	-1.359000000000
5520.000000000000	549999.999999999999	-5397.812605442946	1154.997435720634	-1.360000000000
5510.000000000000	550999.999999999999	-5386.878360544926	1158.292505670657	-1.359000000000
5500.000000000000	551999.999999999999	-5378.255313394239	1150.812662402806	-1.360000000000
5490.000000000000	552999.999999999999	-5368.476667369886	1148.720275743892	-1.360000000000
5480.000000000000	553999.999999999999	-5356.394049703729	1157.342984727725	-1.358000000000
5470.000000000000	554999.999999999999	-5346.619608007190	1155.231044974573	-1.358000000000
5460.000000000000	555999.999999999999	-5337.995616801324	1147.781684385079	-1.359000000000
5460.000000000000	556999.999999999999	-5336.845166310650	1153.119105221420	-1.358000000000
5440.000000000000	557999.999999999999	-5318.442519303883	1143.577355870848	-1.359000000000
5430.000000000000	558999.999999999999	-5307.521841221031	1146.783285961962	-1.358000000000
5430.000000000000	559999.999999999999	-5308.665970555163	1141.475191613733	-1.359000000000
5420.000000000000	560999.999999999999	-5297.747399524491	1144.671346208809	-1.358000000000
5410.000000000000	561999.999999999999	-5287.972957827952	1142.559406455656	-1.358000000000
5400.000000000000	562999.999999999999	-5278.198516131412	1140.447466702503	-1.358000000000
5390.000000000000	563999.999999999999	-5268.424074434873	1138.335526949350	-1.358000000000
5380.000000000000	564999.999999999999	-5258.649632738333	1136.223587196198	-1.358000000000
5370.000000000000	565999.999999999999	-5247.738455145992	1139.359954703498	-1.357000000000
5360.000000000000	566999.999999999999	-5237.966130276074	1137.238241566248	-1.357000000000
5350.000000000000	567999.999999999999	-5229.326307648714	1129.887767936739	-1.358000000000
5350.000000000000	568999.999999999999	-5229.326307648714	1129.887767936739	-1.358000000000
5340.000000000000	569999.999999999999	-5219.551865952174	1127.775828183587	-1.358000000000
5330.000000000000	570999.999999999999	-5208.649155666320	1130.873102154497	-1.357000000000
5320.000000000000	571999.999999999999	-5198.876830796402	1128.751389017246	-1.357000000000
5310.000000000000	572999.999999999999	-5189.104505926484	1126.629675879996	-1.357000000000
5300.000000000000	573999.999999999999	-5179.332181056566	1124.507962742745	-1.357000000000
5290.000000000000	574999.999999999999	-5168.434885344393	1127.555247407010	-1.356000000000
5280.000000000000	575999.999999999999	-5159.787531316730	1120.264536468244	-1.357000000000
5270.000000000000	576999.999999999999	-5150.015206446812	1118.142823330994	-1.357000000000
5270.000000000000	577999.999999999999	-5148.894488802449	1123.292278607739	-1.356000000000
5260.000000000000	578999.999999999999	-5139.124290531477	1121.160794208104	-1.356000000000
5250.000000000000	579999.999999999999	-5129.354092260504	1119.029309808469	-1.356000000000
5240.000000000000	580999.999999999999	-5118.464436558539	1122.016850000693	-1.355000000000
5240.000000000000	581999.999999999999	-5119.583893989532	1116.897825408834	-1.356000000000
5230.000000000000	582999.999999999999	-5108.696374656710	1119.875596470158	-1.355000000000
5220.000000000000	583999.999999999999	-5100.043497447587	1112.634856609563	-1.356000000000
5210.000000000000	584999.999999999999	-5089.160250853051	1115.593089409087	-1.355000000000
5200.000000000000	585999.999999999999	-5079.392188951222	1113.451835878551	-1.355000000000
5190.000000000000	586999.999999999999	-5069.624127049392	1111.310582348015	-1.355000000000
5180.000000000000	587999.999999999999	-5059.856065147563	1109.169328817479	-1.355000000000
5180.000000000000	588999.999999999999	-5058.744366075786	1114.228629454699	-1.354000000000
5170.000000000000	589999.999999999999	-5050.088003245733	1107.028075286944	-1.355000000000
5160.000000000000	590999.999999999999	-5039.212534546536	1109.926588414333	-1.354000000000
5150.000000000000	591999.999999999999	-5030.551879442075	1102.745568225873	-1.355000000000
5150.000000000000	592999.999999999999	-5029.446618781911	1107.775567894151	-1.354000000000
5140.000000000000	593999.999999999999	-5019.680703017286	1105.624547373968	-1.354000000000
5130.000000000000	594999.999999999999	-5009.914787252661	1103.473526853785	-1.354000000000
5120.000000000000	595999.999999999999	-5000.148871488035	1101.322506333602	-1.354000000000
5110.000000000000	596999.999999999999	-4990.382955723410	1099.171485813419	-1.354000000000
5100.000000000000	597999.999999999999	-4980.617039958785	1097.020465293237	-1.354000000000
5090.000000000000	598999.999999999999	-4969.753769506510	1099.839747634097	-1.353000000000
5090.000000000000	599999.999999999999	-4970.851124194161	1094.869444773054	-1.354000000000
5080.000000000000	600999.999999999999	-4959.990009645005	1097.678962275287	-1.353000000000
5070.000000000000	601999.999999999999	-4950.226249783498	1095.518176916477	-1.353000000000
5060.000000000000	602999.999999999999	-4940.462489921993	1093.357391557668	-1.353000000000
5050.000000000000	603999.999999999999	-4930.698730060487	1091.196606198858	-1.353000000000
5050.000000000000	604999.999999999999	-4930.698730060487	1091.196606198858	-1.353000000000
5030.000000000000	605999.999999999999	-4911.171210337475	1086.875035481239	-1.353000000000
5030.000000000000	606999.999999999999	-4911.171210337475	1086.875035481239	-1.353000000000
5030.000000000000	607999.999999999999	-4911.171210337475	1086.875035481239	-1.353000000000
5020.000000000000	608999.999999999999	-4900.320285703111	1089.615114398923	-1.352000000000
5010.000000000000	609999.999999999999	-4889.468801844219	1092.334580516450	-1.351000000000
5000.000000000000	610999.999999999999	-4881.879930752957	1080.392679404810	-1.353000000000
5000.000000000000	611999.999999999999	-4880.797097313856	1085.274018325621	-1.352000000000
4990.000000000000	612999.999999999999	-4871.035503119228	1083.103470288970	-1.352000000000
4980.000000000000	613999.999999999999	-4861.273908924601	1080.932922252319	-1.352000000000
4970.000000000000	614999.999999999999	-4851.512314729973	1078.762374215667	-1.352000000000
4960.000000000000	615999.999999999999	-4840.671708013439	1081.433037796725	-1.351000000000
4960.000000000000	616999.999999999999	-4840.671708013439	1081.433037796725	-1.351000000000
4950.000000000000	617999.999999999999	-4830.912289247283	1079.252729252780	-1.351000000000
4950.000000000000	618999.999999999999	-4830.912289247283	1079.252729252780	-1.351000000000
4930.000000000000	619999.999999999999	-4811.393451714971	1074.892112164890	-1.351000000000
4930.000000000000	620999.999999999999	-4811.393451714971	1074.892112164890	-1.351000000000
4920.000000000000	621999.999999999999	-4800.558920507163	1077.512900497764	-1.350000000000
4910.000000000000	622999.999999999999	-4790.801686928896	1075.322833626834	-1.350000000000
4900.000000000000	623999.999999999999	-4781.044453350630	1073.132766755903	-1.350000000000
4900.000000000000	624999.999999999999	-4781.044453350630	1073.132766755903	-1.350000000000
4890.000000000000	625999.999999999999	-4771.287219772363	1070.942699884973	-1.350000000000
4880.000000000000	626999.999999999999	-4761.529986194097	1068.752633014042	-1.350000000000
4870.000000000000	627999.999999999999	-4751.772752615830	1066.562566143112	-1.350000000000
4870.000000000000	628999.999999999999	-4750.703814341268	1071.313804822528	-1.349000000000
4860.000000000000	629999.999999999999	-4740.948775708124	1069.113981814679	-1.349000000000
4850.000000000000	630999.999999999999	-4732.258285459297	1062.182432401251	-1.350000000000
4850.000000000000	631999.999999999999	-4731.193737074980	1066.914158806829	-1.349000000000
4840.000000000000	632999.999999999999	-4721.438698441835	1064.714335798980	-1.349000000000
4830.000000000000	633999.999999999999	-4711.683659808691	1062.514512791131	-1.349000000000
4830.000000000000	634999.999999999999	-4711.683659808691	1062.514512791131	-1.349000000000
4820.000000000000	635999.999999999999	-4701.928621175547	1060.314689783282	-1.349000000000
4810.000000000000	636999.999999999999	-4692.173582542403	1058.114866775433	-1.349000000000
4800.000000000000	637999.999999999999	-4682.418543909258	1055.915043767584	-1.349000000000
4800.000000000000	638999.999999999999	-4682.418543909258	1055.915043767584	-1.349000000000
4790.000000000000	639999.999999999999	-4672.663505276114	1053.715220759735	-1.349000000000
4780.000000000000	640999.999999999999	-4661.854619966432	1056.177779683722	-1.348000000000
4780.000000000000	641999.999999999999	-4661.854619966432	1056.177779683722	-1.348000000000
4770.000000000000	642999.999999999999	-4652.101786033448	1053.968202738777	-1.348000000000
4760.000000000000	643999.999999999999	-4642.348952100464	1051.758625793831	-1.348000000000
4750.000000000000	644999.999999999999	-4632.596118167479	1049.549048848887	-1.348000000000
4750.000000000000	645999.999999999999	-4632.596118167479	1049.549048848887	-1.348000000000
4740.000000000000	646999.999999999999	-4621.793633515698	1051.961790748010	-1.347000000000
4740.000000000000	647999.999999999999	-4621.793633515698	1051.961790748010	-1.347000000000
4730.000000000000	648999.999999999999	-4613.090450301511	1045.129894958996	-1.348000000000
4720.000000000000	649999.999999999999	-4602.292394555716	1047.523133403082	-1.347000000000
4710.000000000000	650999.999999999999	-4592.541775075725	1045.303804730618	-1.347000000000
4710.000000000000	651999.999999999999	-4591.494175174516	1049.895823088411	-1.346000000000
4700.000000000000	652999.999999999999	-4581.745779898137	1047.666744907756	-1.346000000000
4690.000000000000	653999.999999999999	-4571.997384621758	1045.437666727101	-1.346000000000
4690.000000000000	654999.999999999999	-4571.997384621758	1045.437666727101	-1.346000000000
4680.000000000000	655999.999999999999	-4562.248989345379	1043.208588546446	-1.346000000000
4680.000000000000	656999.999999999999	-4562.248989345379	1043.208588546446	-1.346000000000
4670.000000000000	657999.999999999999	-4552.500594069000	1040.979510365791	-1.346000000000
4660.000000000000	658999.999999999999	-4542.752198792621	1038.750432185137	-1.346000000000
4660.000000000000	659999.999999999999	-4541.711177157651	1043.292664251632	-1.345000000000
4650.000000000000	660999.999999999999	-4531.965015833278	1041.053838791864	-1.345000000000
4640.000000000000	661999.999999999999	-4522.218854508906	1038.815013332097	-1.345000000000
4630.000000000000	662999.999999999999	-4512.472693184533	1036.576187872329	-1.345000000000
4630.000000000000	663999.999999999999	-4512.472693184533	1036.576187872329	-1.345000000000
4620.000000000000	664999.999999999999	-4502.726531860160	1034.337362412562	-1.345000000000
4610.000000000000	665999.999999999999	-4492.980370535787	1032.098536952794	-1.345000000000
4610.000000000000	666999.999999999999	-4491.946025680853	1036.591000525274	-1.344000000000
4600.000000000000	667999.999999999999	-4483.234209211415	1029.859711493027	-1.345000000000
4600.000000000000	668999.999999999999	-4483.234209211415	1029.859711493027	-1.345000000000
4590.000000000000	669999.999999999999	-4472.458190428441	1032.093859525165	-1.344000000000
4580.000000000000	670999.999999999999	-4462.714272802235	1029.845289025110	-1.344000000000
4580.000000000000	671999.999999999999	-4462.714272802235	1029.845289025110	-1.344000000000
4570.000000000000	672999.999999999999	-4452.970355176030	1027.596718525055	-1.344000000000
4570.000000000000	673999.999999999999	-4452.970355176030	1027.596718525055	-1.344000000000
4560.000000000000	674999.999999999999	-4442.198867959657	1029.790861047981	-1.343000000000
4550.000000000000	675999.999999999999	-4433.482519923618	1023.099577524945	-1.344000000000
4540.000000000000	676999.999999999999	-4422.715539591412	1025.274234464438	-1.343000000000
4540.000000000000	677999.999999999999	-4422.715539591412	1025.274234464438	-1.343000000000
4530.000000000000	678999.999999999999	-4412.973875407290	1023.015921172666	-1.343000000000
4530.000000000000	679999.999999999999	-4412.973875407290	1023.015921172666	-1.343000000000
4520.000000000000	680999.999999999999	-4403.232211223169	1020.757607880894	-1.343000000000
4510.000000000000	681999.999999999999	-4393.490547039047	1018.499294589122	-1.343000000000
4510.000000000000	682999.999999999999	-4392.469851169117	1022.892275154307	-1.342000000000
4500.000000000000	683999.999999999999	-4382.730450168742	1020.624221329131	-1.342000000000
4500.000000000000	684999.999999999999	-4382.730450168742	1020.624221329131	-1.342000000000
4490.000000000000	685999.999999999999	-4372.991049168367	1018.356167503956	-1.342000000000
4480.000000000000	686999.999999999999	-4363.251648167992	1016.088113678780	-1.342000000000
4470.000000000000	687999.999999999999	-4354.523890302558	1009.466041422034	-1.343000000000
4470.000000000000	688999.999999999999	-4352.496250520791	1018.173064465199	-1.341000000000
4460.000000000000	689999.999999999999	-4342.759122443563	1015.895272374673	-1.341000000000
4450.000000000000	690999.999999999999	-4327.899765419829	1035.269829792692	-1.336000000000
4450.000000000000	691999.999999999999	-4333.021994366335	1013.617480284147	-1.341000000000
4450.000000000000	692999.999999999999	-4333.021994366335	1013.617480284147	-1.341000000000
4440.000000000000	693999.999999999999	-4323.284866289107	1011.339688193621	-1.341000000000
4440.000000000000	694999.999999999999	-4322.271365127218	1015.662466669560	-1.340000000000
4430.000000000000	695999.999999999999	-4313.547738211880	1009.061896103094	-1.341000000000
4420.000000000000	696999.999999999999	-4302.801674293311	1011.087410513391	-1.340000000000
4420.000000000000	697999.999999999999	-4303.810610134652	1006.784104012568	-1.341000000000
4410.000000000000	698999.999999999999	-4293.066828876358	1008.799882435306	-1.340000000000
4410.000000000000	699999.999999999999	-4293.066828876358	1008.799882435306	-1.340000000000
4400.000000000000	700999.999999999999	-4283.331983459405	1006.512354357221	-1.340000000000
4390.000000000000	701999.999999999999	-4273.597138042453	1004.224826279137	-1.340000000000
4390.000000000000	702999.999999999999	-4272.590776585153	1008.497920592542	-1.339000000000
4380.000000000000	703999.999999999999	-4262.858223563318	1006.200658814427	-1.339000000000
4380.000000000000	704999.999999999999	-4262.858223563318	1006.200658814427	-1.339000000000
4370.000000000000	705999.999999999999	-4253.125670541484	1003.903397036312	-1.339000000000
4360.000000000000	706999.999999999999	-4243.393117519650	1001.606135258197	-1.339000000000
4360.000000000000	707999.999999999999	-4243.393117519650	1001.606135258197	-1.339000000000
4350.000000000000	708999.999999999999	-4232.659138960782	1003.542033684574	-1.338000000000
4350.000000000000	709999.999999999999	-4232.659138960782	1003.542033684574	-1.338000000000
4340.000000000000	710999.999999999999	-4222.928888066619	1001.235040503690	-1.338000000000
4340.000000000000	711999.999999999999	-4222.928888066619	1001.235040503690	-1.338000000000
4330.000000000000	712999.999999999999	-4213.198637172457	998.928047322806	-1.338000000000
4320.000000000000	713999.999999999999	-4203.468386278294	996.621054141922	-1.338000000000
4320.000000000000	714999.999999999999	-4202.469663656238	1000.824023517137	-1.337000000000
4310.000000000000	715999.999999999999	-4193.738135384131	994.314060961038	-1.338000000000
4310.000000000000	716999.999999999999	-4192.741724619996	998.507301240477	-1.337000000000
4300.000000000000	717999.999999999999	-4184.007884489968	992.007067780154	-1.338000000000
4300.000000000000	718999.999999999999	-4183.013785583755	996.190578963817	-1.337000000000
4290.000000000000	719999.999999999999	-4174.277633595806	989.700074599269	-1.338000000000
4280.000000000000	720999.999999999999	-4163.557907511272	991.557134410497	-1.337000000000
4280.000000000000	721999.999999999999	-4163.557907511272	991.557134410497	-1.337000000000
4280.000000000000	722999.999999999999	-4163.557907511272	991.557134410497	-1.337000000000
4270.000000000000	723999.999999999999	-4152.838651312960	993.393746789841	-1.336000000000
4260.000000000000	724999.999999999999	-4143.113033862578	991.067297734127	-1.336000000000
4260.000000000000	725999.999999999999	-4143.113033862578	991.067297734127	-1.336000000000
4250.000000000000	726999.999999999999	-4132.396609034772	992.873741035545	-1.335000000000
4250.000000000000	727999.999999999999	-4133.387416412196	988.740848678413	-1.336000000000
4240.000000000000	728999.999999999999	-4123.661798961814	986.414399622700	-1.336000000000
4240.000000000000	729999.999999999999	-4122.673322895866	990.537567527226	-1.335000000000
4230.000000000000	730999.999999999999	-4112.950036756962	988.201394018907	-1.335000000000
4230.000000000000	731999.999999999999	-4113.936181511433	984.087950566986	-1.336000000000
4220.000000000000	732999.999999999999	-4103.226750618056	985.865220510588	-1.335000000000
4210.000000000000	733999.999999999999	-4093.503464479151	983.529047002270	-1.335000000000
4210.000000000000	734999.999999999999	-4093.503464479151	983.529047002270	-1.335000000000
4200.000000000000	735999.999999999999	-4083.780178340245	981.192873493951	-1.335000000000
4200.000000000000	736999.999999999999	-4083.780178340245	981.192873493951	-1.335000000000
4190.000000000000	737999.999999999999	-4073.075998636220	982.930266770514	-1.334000000000
4190.000000000000	738999.999999999999	-4073.075998636220	982.930266770514	-1.334000000000
4180.000000000000	739999.999999999999	-4063.355053532077	980.584371145763	-1.334000000000
4180.000000000000	740999.999999999999	-4063.355053532077	980.584371145763	-1.334000000000
4170.000000000000	741999.999999999999	-4053.634108427933	978.238475521013	-1.334000000000
4170.000000000000	742999.999999999999	-4053.634108427933	978.238475521013	-1.334000000000
4160.000000000000	743999.999999999999	-4043.913163323789	975.892579896262	-1.334000000000
4160.000000000000	744999.999999999999	-4042.935248950128	979.936004439351	-1.333000000000
4150.000000000000	745999.999999999999	-4033.216654601691	977.580389044065	-1.333000000000
4140.000000000000	746999.999999999999	-4023.498060253253	975.224773648778	-1.333000000000
4140.000000000000	747999.999999999999	-4023.498060253253	975.224773648778	-1.333000000000
4140.000000000000	748999.999999999999	-4023.498060253253	975.224773648778	-1.333000000000
4130.000000000000	749999.999999999999	-4012.804590019141	976.882450615893	-1.332000000000
4130.000000000000	750999.999999999999	-4012.804590019141	976.882450615893	-1.332000000000
4120.000000000000	751999.999999999999	-4003.088356145003	974.517117805685	-1.332000000000
4120.000000000000	752999.999999999999	-4003.088356145003	974.517117805685	-1.332000000000
4110.000000000000	753999.999999999999	-3993.372122270864	972.151784995477	-1.332000000000
4110.000000000000	754999.999999999999	-3993.372122270864	972.151784995477	-1.332000000000
4100.000000000000	755999.999999999999	-3983.655888396726	969.786452185269	-1.332000000000
4100.000000000000	756999.999999999999	-3982.684110278394	973.769622516538	-1.331000000000
4090.000000000000	757999.999999999999	-3973.939654522588	967.421119375061	-1.332000000000
4090.000000000000	758999.999999999999	-3972.970246594788	971.394574656742	-1.331000000000
4080.000000000000	759999.999999999999	-3963.256382911182	969.019526796945	-1.331000000000
4070.000000000000	760999.999999999999	-3953.542519227576	966.644478937149	-1.331000000000
4070.000000000000	761999.999999999999	-3953.542519227576	966.644478937149	-1.331000000000
4070.000000000000	762999.999999999999	-3952.573898138652	970.597537475253	-1.330000000000
4060.000000000000	763999.999999999999	-3943.828655543970	964.269431077352	-1.331000000000
4060.000000000000	764999.999999999999	-3942.862414359441	968.212776940916	-1.330000000000
4050.000000000000	765999.999999999999	-3933.150930580231	965.828016406579	-1.330000000000
4050.000000000000	766999.999999999999	-3933.150930580231	965.828016406579	-1.330000000000
4040.000000000000	767999.999999999999	-3922.474041986162	967.366212943549	-1.329000000000
4040.000000000000	768999.999999999999	-3922.474041986162	967.366212943549	-1.329000000000
4030.000000000000	769999.999999999999	-3912.764947822830	964.971742119431	-1.329000000000
4020.000000000000	770999.999999999999	-3903.055853659498	962.577271295313	-1.329000000000
4020.000000000000	771999.999999999999	-3903.055853659498	962.577271295313	-1.329000000000
4020.000000000000	772999.999999999999	-3904.016479242599	958.673734803567	-1.330000000000
4010.000000000000	773999.999999999999	-3893.346759496166	960.182800471195	-1.329000000000
4010.000000000000	774999.999999999999	-3893.346759496166	960.182800471195	-1.329000000000
4000.000000000000	775999.999999999999	-3883.637665332833	957.788329647078	-1.329000000000
4000.000000000000	776999.999999999999	-3882.677935344147	961.671487771012	-1.328000000000
3990.000000000000	777999.999999999999	-3872.971240505786	959.267309051585	-1.328000000000
3990.000000000000	778999.999999999999	-3872.971240505786	959.267309051585	-1.328000000000
3980.000000000000	779999.999999999999	-3863.264545667426	956.863130332157	-1.328000000000
3980.000000000000	780999.999999999999	-3863.264545667426	956.863130332157	-1.328000000000
3970.000000000000	781999.999999999999	-3853.557850829065	954.458951612730	-1.328000000000
3970.000000000000	782999.999999999999	-3853.557850829065	954.458951612730	-1.328000000000
3960.000000000000	783999.999999999999	-3842.897179451070	955.898147381305	-1.327000000000
3960.000000000000	784999.999999999999	-3842.897179451070	955.898147381305	-1.327000000000
3960.000000000000	785999.999999999999	-3842.897179451070	955.898147381305	-1.327000000000
3950.000000000000	786999.999999999999	-3833.192893644376	953.484263170746	-1.327000000000
3950.000000000000	787999.999999999999	-3833.192893644376	953.484263170746	-1.327000000000
3940.000000000000	788999.999999999999	-3822.535625873088	954.893391395626	-1.326000000000
3940.000000000000	789999.999999999999	-3823.488607837681	951.070378960187	-1.327000000000
3930.000000000000	790999.999999999999	-3812.833758802344	952.469804107820	-1.326000000000
3930.000000000000	791999.999999999999	-3812.833758802344	952.469804107820	-1.326000000000
3920.000000000000	792999.999999999999	-3803.131891731600	950.046216820014	-1.326000000000
3910.000000000000	793999.999999999999	-3793.430024660856	947.622629532208	-1.326000000000
3910.000000000000	794999.999999999999	-3792.480505474407	951.415585113356	-1.325000000000
3910.000000000000	795999.999999999999	-3793.430024660856	947.622629532208	-1.326000000000
3900.000000000000	796999.999999999999	-3782.781066841480	948.982297171889	-1.325000000000
3900.000000000000	797999.999999999999	-3782.781066841480	948.982297171889	-1.325000000000
3900.000000000000	798999.999999999999	-3782.781066841480	948.982297171889	-1.325000000000
3890.000000000000	799999.999999999999	-3773.081628208553	946.549009230423	-1.325000000000
3890.000000000000	800999.999999999999	-3773.081628208553	946.549009230423	-1.325000000000
3880.000000000000	801999.999999999999	-3763.382189575626	944.115721288956	-1.325000000000
3880.000000000000	802999.999999999999	-3762.436192320752	947.878630793480	-1.324000000000
3870.000000000000	803999.999999999999	-3753.682750942699	941.682433347490	-1.325000000000
3870.000000000000	804999.999999999999	-3752.739191825080	945.435644631641	-1.324000000000
3860.000000000000	805999.999999999999	-3743.042191329408	942.992658469802	-1.324000000000
3860.000000000000	806999.999999999999	-3743.042191329408	942.992658469802	-1.324000000000
3860.000000000000	807999.999999999999	-3743.042191329408	942.992658469802	-1.324000000000
3850.000000000000	808999.999999999999	-3733.345190833736	940.549672307964	-1.324000000000
3850.000000000000	809999.999999999999	-3732.402774645746	944.282546601777	-1.323000000000
3840.000000000000	810999.999999999999	-3722.708221984329	941.829864662551	-1.323000000000
3840.000000000000	811999.999999999999	-3722.708221984329	941.829864662551	-1.323000000000
3830.000000000000	812999.999999999999	-3712.072435790071	943.089726085260	-1.322000000000
3830.000000000000	813999.999999999999	-3713.013669322911	939.377182723326	-1.323000000000
3820.000000000000	814999.999999999999	-3703.319116661494	936.924500784100	-1.323000000000
3820.000000000000	815999.999999999999	-3702.380340657459	940.627350821330	-1.322000000000
3820.000000000000	816999.999999999999	-3702.380340657459	940.627350821330	-1.322000000000
3810.000000000000	817999.999999999999	-3692.688245524848	938.164975557400	-1.322000000000
3810.000000000000	818999.999999999999	-3692.688245524848	938.164975557400	-1.322000000000
3800.000000000000	819999.999999999999	-3682.996150392237	935.702600293470	-1.322000000000
3800.000000000000	820999.999999999999	-3682.996150392237	935.702600293470	-1.322000000000
3790.000000000000	821999.999999999999	-3673.304055259626	933.240225029540	-1.322000000000
3790.000000000000	822999.999999999999	-3672.368978538262	936.913061852509	-1.321000000000
3790.000000000000	823999.999999999999	-3672.368978538262	936.913061852509	-1.321000000000
3780.000000000000	824999.999999999999	-3662.679350626551	934.440995726249	-1.321000000000
3780.000000000000	825999.999999999999	-3662.679350626551	934.440995726249	-1.321000000000
3780.000000000000	826999.999999999999	-3662.679350626551	934.440995726249	-1.321000000000
3770.000000000000	827999.999999999999	-3652.055927445860	935.621452729446	-1.320000000000
3760.000000000000	828999.999999999999	-3642.368776444677	933.139698212922	-1.320000000000
3760.000000000000	829999.999999999999	-3642.368776444677	933.139698212922	-1.320000000000
3760.000000000000	830999.999999999999	-3642.368776444677	933.139698212922	-1.320000000000
3750.000000000000	831999.999999999999	-3632.681625443495	930.657943696398	-1.320000000000
3750.000000000000	832999.999999999999	-3632.681625443495	930.657943696398	-1.320000000000
3740.000000000000	833999.999999999999	-3622.994474442312	928.176189179875	-1.320000000000
3740.000000000000	834999.999999999999	-3622.064486910742	931.798718962429	-1.319000000000
3740.000000000000	835999.999999999999	-3622.994474442312	928.176189179875	-1.320000000000
3730.000000000000	836999.999999999999	-3612.379822507237	929.307278537396	-1.319000000000
3730.000000000000	837999.999999999999	-3612.379822507237	929.307278537396	-1.319000000000
3720.000000000000	838999.999999999999	-3602.695158103733	926.815838112363	-1.319000000000
3720.000000000000	839999.999999999999	-3602.695158103733	926.815838112363	-1.319000000000
3720.000000000000	840999.999999999999	-3602.695158103733	926.815838112363	-1.319000000000
3710.000000000000	841999.999999999999	-3591.154660118694	931.508565235871	-1.317000000000
3710.000000000000	842999.999999999999	-3591.154660118694	931.508565235871	-1.317000000000
3700.000000000000	843999.999999999999	-3582.402204830335	925.415821577931	-1.318000000000
3700.000000000000	844999.999999999999	-3582.402204830335	925.415821577931	-1.318000000000
3690.000000000000	845999.999999999999	-3573.641164893219	919.341516837263	-1.319000000000
3700.000000000000	846999.999999999999	-3579.609840732139	936.158847703546	-1.315000000000
3690.000000000000	847999.999999999999	-3568.999806040459	937.198156465945	-1.314000000000
3680.000000000000	848999.999999999999	-3562.115673648731	923.976150961726	-1.317000000000
3680.000000000000	849999.999999999998	-3562.115673648731	923.976150961726	-1.317000000000
3680.000000000000	850999.999999999998	-3562.115673648731	923.976150961726	-1.317000000000
3670.000000000000	851999.999999999998	-3552.436011492077	921.465346203678	-1.317000000000
3670.000000000000	852999.999999999998	-3552.436011492077	921.465346203678	-1.317000000000
3660.000000000000	853999.999999999998	-3541.835623569109	922.496837727273	-1.316000000000
3660.000000000000	854999.999999999998	-3541.835623569109	922.496837727273	-1.316000000000
3650.000000000000	855999.999999999998	-3532.158477056626	919.976354564084	-1.316000000000
3650.000000000000	856999.999999999998	-3532.158477056626	919.976354564084	-1.316000000000
3650.000000000000	857999.999999999998	-3532.158477056626	919.976354564084	-1.316000000000
3640.000000000000	858999.999999999998	-3521.562113585131	920.977893416462	-1.315000000000
3640.000000000000	859999.999999999998	-3522.481330544142	917.455871400895	-1.316000000000
3640.000000000000	860999.999999999998	-3521.562113585131	920.977893416462	-1.315000000000
3630.000000000000	861999.999999999998	-3511.887492393963	918.447734368614	-1.315000000000
3630.000000000000	862999.999999999998	-3511.887492393963	918.447734368614	-1.315000000000
3620.000000000000	863999.999999999998	-3502.212871202795	915.917575320767	-1.315000000000
3620.000000000000	864999.999999999998	-3502.212871202795	915.917575320767	-1.315000000000
3620.000000000000	865999.999999999998	-3501.295202673838	919.419329649518	-1.314000000000
3610.000000000000	866999.999999999998	-3492.538250011627	913.387416272919	-1.315000000000
3610.000000000000	867999.999999999998	-3491.623116478606	916.879497247171	-1.314000000000
3600.000000000000	868999.999999999998	-3481.951030283375	914.339664844824	-1.314000000000
3600.000000000000	869999.999999999998	-3481.951030283375	914.339664844824	-1.314000000000
3600.000000000000	870999.999999999998	-3481.951030283375	914.339664844824	-1.314000000000
3590.000000000000	871999.999999999998	-3471.365408268340	915.271654907975	-1.313000000000
3590.000000000000	872999.999999999998	-3471.365408268340	915.271654907975	-1.313000000000
3590.000000000000	873999.999999999998	-3471.365408268340	915.271654907975	-1.313000000000
3580.000000000000	874999.999999999998	-3461.695866741130	912.722151690961	-1.313000000000
3580.000000000000	875999.999999999998	-3461.695866741130	912.722151690961	-1.313000000000
3570.000000000000	876999.999999999998	-3452.026325213920	910.172648473947	-1.313000000000
3570.000000000000	877999.999999999998	-3452.026325213920	910.172648473947	-1.313000000000
3570.000000000000	878999.999999999998	-3451.114426704123	913.624219137536	-1.312000000000
3560.000000000000	879999.999999999998	-3441.447439514476	911.065047655359	-1.312000000000
3560.000000000000	880999.999999999998	-3441.447439514476	911.065047655359	-1.312000000000
3560.000000000000	881999.999999999998	-3441.447439514476	911.065047655359	-1.312000000000
3550.000000000000	882999.999999999998	-3431.780452324828	908.505876173180	-1.312000000000
3550.000000000000	883999.999999999998	-3430.870230709989	911.937201800642	-1.311000000000
3540.000000000000	884999.999999999998	-3422.113465135181	905.946704691003	-1.312000000000
3540.000000000000	885999.999999999998	-3421.205807524891	909.368364612471	-1.311000000000
3540.000000000000	886999.999999999998	-3421.205807524891	909.368364612471	-1.311000000000
3530.000000000000	887999.999999999998	-3411.541384339792	906.799527424300	-1.311000000000
3530.000000000000	888999.999999999998	-3411.541384339792	906.799527424300	-1.311000000000
3530.000000000000	889999.999999999998	-3411.541384339792	906.799527424300	-1.311000000000
3520.000000000000	890999.999999999998	-3400.971029676823	907.632114514997	-1.310000000000
3520.000000000000	891999.999999999998	-3401.876961154694	904.230690236130	-1.311000000000
3520.000000000000	892999.999999999998	-3400.971029676823	907.632114514997	-1.310000000000
3510.000000000000	893999.999999999998	-3391.309180160696	905.053614189670	-1.310000000000
3510.000000000000	894999.999999999998	-3391.309180160696	905.053614189670	-1.310000000000
3500.000000000000	895999.999999999998	-3381.647330644569	902.475113864344	-1.310000000000
3500.000000000000	896999.999999999998	-3381.647330644569	902.475113864344	-1.310000000000
3500.000000000000	897999.999999999998	-3380.743164857593	905.856309393861	-1.309000000000
3490.000000000000	898999.999999999998	-3371.083898672286	903.268148509879	-1.309000000000
3490.000000000000	899999.999999999998	-3371.083898672286	903.268148509879	-1.309000000000
3490.000000000000	900999.999999999998	-3371.083898672286	903.268148509879	-1.309000000000
3480.000000000000	901999.999999999998	-3361.424632486978	900.679987625896	-1.309000000000
3480.000000000000	902999.999999999998	-3361.424632486978	900.679987625896	-1.309000000000
3480.000000000000	903999.999999999998	-3360.522271937289	904.040961358189	-1.308000000000
3470.000000000000	904999.999999999998	-3350.865598742067	901.443142503712	-1.308000000000
3470.000000000000	905999.999999999998	-3350.865598742067	901.443142503712	-1.308000000000
3460.000000000000	906999.999999999998	-3341.208925546845	898.845323649234	-1.308000000000
3460.000000000000	907999.999999999998	-3341.208925546845	898.845323649234	-1.308000000000
3460.000000000000	908999.999999999998	-3341.208925546845	898.845323649234	-1.308000000000
3450.000000000000	909999.999999999998	-3330.654339220216	899.578608368135	-1.307000000000
3450.000000000000	910999.999999999998	-3330.654339220216	899.578608368135	-1.307000000000
3450.000000000000	911999.999999999998	-3330.654339220216	899.578608368135	-1.307000000000
3440.000000000000	912999.999999999998	-3321.000268671751	896.971134140981	-1.307000000000
3440.000000000000	913999.999999999998	-3321.000268671751	896.971134140981	-1.307000000000
3440.000000000000	914999.999999999998	-3321.000268671751	896.971134140981	-1.307000000000
3430.000000000000	915999.999999999998	-3311.346198123287	894.363659913827	-1.307000000000
3430.000000000000	916999.999999999998	-3310.450178939473	897.674558378266	-1.306000000000
3430.000000000000	917999.999999999998	-3310.450178939473	897.674558378266	-1.306000000000
3420.000000000000	918999.999999999998	-3300.798720691836	895.057431385910	-1.306000000000
3420.000000000000	919999.999999999998	-3301.692127574822	891.756185686673	-1.307000000000
3420.000000000000	920999.999999999998	-3300.798720691836	895.057431385910	-1.306000000000
3410.000000000000	921999.999999999998	-3290.253176715051	895.731004887358	-1.305000000000
3410.000000000000	922999.999999999998	-3291.147262444199	892.440304393553	-1.306000000000
3410.000000000000	923999.999999999998	-3290.253176715051	895.731004887358	-1.305000000000
3400.000000000000	924999.999999999998	-3280.604340419699	893.104227746926	-1.305000000000
3400.000000000000	925999.999999999998	-3280.604340419699	893.104227746926	-1.305000000000
3400.000000000000	926999.999999999998	-3280.604340419699	893.104227746926	-1.305000000000
3390.000000000000	927999.999999999998	-3270.955504124347	890.477450606494	-1.305000000000
3390.000000000000	928999.999999999998	-3270.063391344537	893.747960326771	-1.304000000000
3390.000000000000	929999.999999999998	-3270.955504124347	890.477450606494	-1.305000000000
3380.000000000000	930999.999999999998	-3260.417186650306	891.111535665040	-1.304000000000
3380.000000000000	931999.999999999998	-3260.417186650306	891.111535665040	-1.304000000000
3380.000000000000	932999.999999999998	-3260.417186650306	891.111535665040	-1.304000000000
3370.000000000000	933999.999999999998	-3249.880881607794	891.725437205952	-1.303000000000
3370.000000000000	934999.999999999998	-3250.770981956074	888.475111003309	-1.304000000000
3370.000000000000	935999.999999999998	-3249.880881607794	891.725437205952	-1.303000000000
3360.000000000000	936999.999999999998	-3240.237318160887	889.079367659346	-1.303000000000
3360.000000000000	937999.999999999998	-3240.237318160887	889.079367659346	-1.303000000000
3360.000000000000	938999.999999999998	-3240.237318160887	889.079367659346	-1.303000000000
3350.000000000000	939999.999999999998	-3229.705706266863	889.663448112410	-1.302000000000
3350.000000000000	940999.999999999998	-3229.705706266863	889.663448112410	-1.302000000000
3350.000000000000	941999.999999999998	-3229.705706266863	889.663448112410	-1.302000000000
3340.000000000000	942999.999999999998	-3220.064793710842	887.007736327000	-1.302000000000
3340.000000000000	943999.999999999998	-3220.064793710842	887.007736327000	-1.302000000000
3340.000000000000	944999.999999999998	-3220.064793710842	887.007736327000	-1.302000000000
3330.000000000000	945999.999999999998	-3209.537924065865	887.562005711699	-1.301000000000
3330.000000000000	946999.999999999998	-3210.423881154822	884.352024541590	-1.302000000000
3330.000000000000	947999.999999999998	-3209.537924065865	887.562005711699	-1.301000000000
3320.000000000000	948999.999999999998	-3199.899672041643	884.896654343196	-1.301000000000
3320.000000000000	949999.999999999998	-3199.899672041643	884.896654343196	-1.301000000000
3320.000000000000	950999.999999999998	-3199.013175585081	888.096111033630	-1.300000000000
3320.000000000000	951999.999999999998	-3199.899672041643	884.896654343196	-1.301000000000
3310.000000000000	952999.999999999998	-3189.377593730909	885.421122747384	-1.300000000000
3310.000000000000	953999.999999999998	-3189.377593730909	885.421122747384	-1.300000000000
3300.000000000000	954999.999999999998	-3179.742011876737	882.746134461138	-1.300000000000
3300.000000000000	955999.999999999998	-3178.857676018526	885.925434570028	-1.299000000000
3300.000000000000	956999.999999999998	-3179.742011876737	882.746134461138	-1.300000000000
3300.000000000000	957999.999999999998	-3178.857676018526	885.925434570028	-1.299000000000
3290.000000000000	958999.999999999998	-3169.224773969985	883.240812041028	-1.299000000000
3290.000000000000	959999.999999999998	-3169.224773969985	883.240812041028	-1.299000000000
3290.000000000000	960999.999999999998	-3169.224773969985	883.240812041028	-1.299000000000
3280.000000000000	961999.999999999998	-3159.591871921444	880.556189512028	-1.299000000000
3280.000000000000	962999.999999999998	-3159.591871921444	880.556189512028	-1.299000000000
3280.000000000000	963999.999999999998	-3158.709736082887	883.715340579292	-1.298000000000
3270.000000000000	964999.999999999998	-3149.079523472879	881.021086492160	-1.298000000000
3270.000000000000	965999.999999999998	-3149.079523472879	881.021086492160	-1.298000000000
3270.000000000000	966999.999999999998	-3149.079523472879	881.021086492160	-1.298000000000
3260.000000000000	967999.999999999998	-3139.449310862870	878.326832405028	-1.298000000000
3260.000000000000	968999.999999999998	-3139.449310862870	878.326832405028	-1.298000000000
3260.000000000000	969999.999999999998	-3139.449310862870	878.326832405028	-1.298000000000
3250.000000000000	970999.999999999998	-3129.819098252861	875.632578317896	-1.298000000000
3250.000000000000	971999.999999999998	-3128.941900911063	878.761959078260	-1.297000000000
3250.000000000000	972999.999999999998	-3128.941900911063	878.761959078260	-1.297000000000
3250.000000000000	973999.999999999998	-3128.941900911063	878.761959078260	-1.297000000000
3240.000000000000	974999.999999999998	-3119.314387369799	876.058076127250	-1.297000000000
3240.000000000000	975999.999999999998	-3119.314387369799	876.058076127250	-1.297000000000
3240.000000000000	976999.999999999998	-3118.436769782617	879.176951965733	-1.296000000000
3230.000000000000	977999.999999999998	-3108.811964937609	876.463442854727	-1.296000000000
3230.000000000000	978999.999999999998	-3108.811964937609	876.463442854727	-1.296000000000
3230.000000000000	979999.999999999998	-3108.811964937609	876.463442854727	-1.296000000000
3220.000000000000	980999.999999999998	-3099.187160092601	873.749933743722	-1.296000000000
3220.000000000000	981999.999999999998	-3099.187160092601	873.749933743722	-1.296000000000
3220.000000000000	982999.999999999998	-3099.187160092601	873.749933743722	-1.296000000000
3220.000000000000	983999.999999999998	-3098.311860711031	876.848683512353	-1.295000000000
3210.000000000000	984999.999999999998	-3088.689774187084	874.125550954861	-1.295000000000
3210.000000000000	985999.999999999998	-3088.689774187084	874.125550954861	-1.295000000000
3210.000000000000	986999.999999999998	-3088.689774187084	874.125550954861	-1.295000000000
3210.000000000000	987999.999999999998	-3088.689774187084	874.125550954861	-1.295000000000
3200.000000000000	988999.999999999998	-3079.067687663136	871.402418397370	-1.295000000000
3200.000000000000	989999.999999999998	-3078.194745856258	874.481049870682	-1.294000000000
3200.000000000000	990999.999999999998	-3078.194745856258	874.481049870682	-1.294000000000
3190.000000000000	991999.999999999998	-3068.575387275457	871.748296589836	-1.294000000000
3190.000000000000	992999.999999999998	-3068.575387275457	871.748296589836	-1.294000000000
3190.000000000000	993999.999999999998	-3067.702104836593	874.816435591570	-1.293000000000
3180.000000000000	994999.999999999998	-3058.085483818296	872.074064320123	-1.293000000000
3180.000000000000	995999.999999999998	-3058.085483818296	872.074064320123	-1.293000000000
3180.000000000000	996999.999999999998	-3058.085483818296	872.074064320123	-1.293000000000
3180.000000000000	997999.999999999998	-3058.085483818296	872.074064320123	-1.293000000000
3170.000000000000	998999.999999999998	-3048.468862799999	869.331693048676	-1.293000000000
3170.000000000000	1000000.000000000000	-3048.468862799999	869.331693048676	-1.293000000000
