2000000.000000000000	1000.000000000000	-1818594.853651363400	-832293.673094284836	-2.000000000000
949999.999999999998	2000.000000000000	-943077.341485709067	114477.630898998293	-1.450000000000
659999.999999999999	3000.000000000000	-655190.574084808350	79531.827782461973	-1.450000000000
489999.999999999999	4000.000000000000	-484439.363797342695	73610.480256726063	-1.420000000000
409999.999999999999	5000.000000000000	-405942.869738242879	57535.958397162059	-1.430000000000
359999.999999999999	6000.000000000000	-356925.005349007144	46952.535145732392	-1.440000000000
299999.999999999999	7000.000000000000	-297031.368101153348	42099.481754021021	-1.430000000000
260000.000000000000	8000.000000000000	-257049.458341447141	39058.622177038320	-1.420000000000
240000.000000000000	9000.000000000000	-236904.024243324092	38425.034773159503	-1.410000000000
220000.000000000000	10000.000000000000	-217823.003274179092	30872.953286282081	-1.430000000000
200000.000000000000	11000.000000000000	-198020.912067435536	28066.321169347346	-1.430000000000
180000.000000000000	12000.000000000000	-177678.018182493077	28818.776079869629	-1.410000000000
170000.000000000000	13000.000000000000	-168070.799684792349	25538.329884986593	-1.420000000000
160000.000000000000	14000.000000000000	-157936.016162216052	25616.689848773003	-1.410000000000
150000.000000000000	15000.000000000000	-148297.764427757967	22533.820486752877	-1.420000000000
140000.000000000000	16000.000000000000	-138194.014141939056	22414.603617676377	-1.410000000000
140000.000000000000	17000.000000000000	-138194.014141939056	22414.603617676377	-1.410000000000
130000.000000000000	18000.000000000000	-128323.013131800544	20813.560502128064	-1.410000000000
130000.000000000000	19000.000000000000	-128323.013131800544	20813.560502128064	-1.410000000000
120000.000000000000	20000.000000000000	-118638.211542206365	18027.056389402300	-1.420000000000
110000.000000000000	21000.000000000000	-108581.011111523534	17611.474271031439	-1.410000000000
108200.000000000000	22000.000000000000	-106939.398026369556	16468.307434515202	-1.418000000000
103200.000000000000	23000.000000000000	-101966.032787878896	15911.258828301587	-1.416000000000
100200.000000000000	24000.000000000000	-98825.981855415361	16536.786577600684	-1.405000000000
96700.000000000000	25000.000000000000	-95528.796725371649	15004.632491421489	-1.415000000000
92500.000000000000	26000.000000000000	-91154.100023932566	15721.960718272296	-1.400000000000
90500.000000000000	27000.000000000000	-89318.025037696803	14578.765495245720	-1.409000000000
89000.000000000000	28000.000000000000	-87922.056965440308	13809.847897999096	-1.415000000000
85200.000000000000	29000.000000000000	-84344.910111451361	12040.603734497292	-1.429000000000
82200.000000000000	30000.000000000000	-81191.621344437444	12835.911477627553	-1.414000000000
79900.000000000000	31000.000000000000	-78804.350800875123	13186.519436629689	-1.405000000000
78000.000000000000	32000.000000000000	-77114.837502434137	11717.586653111495	-1.420000000000
76700.000000000000	33000.000000000000	-75596.992975808593	12960.889360516308	-1.401000000000
73900.000000000000	34000.000000000000	-72958.492698229791	11758.756022741061	-1.411000000000
71800.000000000000	35000.000000000000	-70767.458874355376	12132.879479596753	-1.401000000000
70700.000000000000	36000.000000000000	-69939.604102526180	10341.265782383884	-1.424000000000
68400.000000000000	37000.000000000000	-67592.650052086756	10478.246940024643	-1.417000000000
66400.000000000000	38000.000000000000	-65595.781825901533	10303.077532889212	-1.415000000000
65300.000000000000	39000.000000000000	-64519.204855121046	10067.879859380751	-1.416000000000
63800.000000000000	40000.000000000000	-63113.815300440874	9332.005048318129	-1.424000000000
62400.000000000000	41000.000000000000	-61682.465088254743	9435.756495174890	-1.419000000000
61800.000000000000	42000.000000000000	-61170.994477035390	8794.852738420705	-1.428000000000
59700.000000000000	43000.000000000000	-58967.637399792155	9322.432058568917	-1.414000000000
58700.000000000000	44000.000000000000	-57989.042065970178	9108.292939466819	-1.415000000000
58000.000000000000	45000.000000000000	-57315.405014927368	8885.063194757737	-1.417000000000
56300.000000000000	46000.000000000000	-55644.067549765299	8568.999154927966	-1.418000000000
55300.000000000000	47000.000000000000	-54664.107682379603	8362.136765755951	-1.419000000000
54600.000000000000	48000.000000000000	-53972.156952222904	8256.286933278028	-1.419000000000
53200.000000000000	49000.000000000000	-52572.061151623035	8149.747620019166	-1.417000000000
52400.000000000000	50000.000000000000	-51820.992381510899	7768.188244075269	-1.422000000000
51400.000000000000	51000.000000000000	-50839.636668310399	7569.104533178832	-1.423000000000
50700.000000000000	52000.000000000000	-50132.235744317208	7566.302880284647	-1.421000000000
49800.000000000000	53000.000000000000	-49278.858666319982	7185.686365606309	-1.426000000000
48800.000000000000	54000.000000000000	-48296.340601376745	6993.102638729714	-1.427000000000
48200.000000000000	55000.000000000000	-47674.523101411702	7097.876235393379	-1.423000000000
47300.000000000000	56000.000000000000	-46756.099337731561	7152.424394579683	-1.419000000000
46300.000000000000	57000.000000000000	-45802.032106746279	6772.285795252812	-1.424000000000
46000.000000000000	58000.000000000000	-45551.242255900266	6409.705839138509	-1.431000000000
44800.000000000000	59000.000000000000	-44222.084525420498	7172.673157656441	-1.410000000000
43700.000000000000	60000.000000000000	-43210.625286521936	6521.645677878482	-1.421000000000
42800.000000000000	61000.000000000000	-42394.303039598773	5879.036467540071	-1.433000000000
43000.000000000000	62000.000000000000	-42531.213555201306	6332.130251492019	-1.423000000000
42700.000000000000	63000.000000000000	-42271.451429095927	6034.434031256273	-1.429000000000
42200.000000000000	64000.000000000000	-41655.624262784484	6756.401947613879	-1.410000000000
40900.000000000000	65000.000000000000	-40495.276517790568	5739.562679131533	-1.430000000000
40800.000000000000	66000.000000000000	-40247.232978353299	6693.297960359342	-1.406000000000
39800.000000000000	67000.000000000000	-39422.739742430633	5466.954472151748	-1.433000000000
39300.000000000000	68000.000000000000	-38871.550993474688	5787.272532177589	-1.423000000000
38900.000000000000	69000.000000000000	-38470.164191617827	5766.842036155113	-1.422000000000
38600.000000000000	70000.000000000000	-38218.036029015064	5416.799985684038	-1.430000000000
37800.000000000000	71000.000000000000	-37436.486591194807	5229.672237080551	-1.432000000000
37700.000000000000	72000.000000000000	-37266.489324153910	5700.769549168162	-1.419000000000
37500.000000000000	73000.000000000000	-37159.827115939086	5039.568306265737	-1.436000000000
36500.000000000000	74000.000000000000	-36063.567798038559	5627.528558459379	-1.416000000000
35800.000000000000	75000.000000000000	-35460.655346206455	4917.511811633984	-1.433000000000
36200.000000000000	76000.000000000000	-35904.794689618211	4613.644795209521	-1.443000000000
35600.000000000000	77000.000000000000	-35281.829132916420	4748.950729970825	-1.437000000000
34500.000000000000	78000.000000000000	-34148.856140092568	4909.747887953306	-1.428000000000
34600.000000000000	79000.000000000000	-34290.766516823263	4615.553237555914	-1.437000000000
34600.000000000000	80000.000000000000	-34272.030027339199	4752.679013478655	-1.433000000000
33500.000000000000	81000.000000000000	-33177.838645635609	4634.762432333293	-1.432000000000
33300.000000000000	82000.000000000000	-32975.138415684320	4640.069661811138	-1.431000000000
33200.000000000000	83000.000000000000	-32876.113975997585	4626.135518682576	-1.431000000000
32600.000000000000	84000.000000000000	-32281.967337877144	4542.530659911205	-1.431000000000
32400.000000000000	85000.000000000000	-32083.918458503664	4514.662373654081	-1.431000000000
32100.000000000000	86000.000000000000	-31750.045467952605	4727.008862160321	-1.423000000000
31600.000000000000	87000.000000000000	-31313.347649698004	4246.676226079928	-1.436000000000
31300.000000000000	88000.000000000000	-30985.864864887644	4423.367334386916	-1.429000000000
31100.000000000000	89000.000000000000	-30813.688397926377	4210.297770407403	-1.435000000000
30900.000000000000	90000.000000000000	-30581.084520134045	4428.009662638282	-1.427000000000
30600.000000000000	91000.000000000000	-30318.291478345567	4142.608095642010	-1.435000000000
30100.000000000000	92000.000000000000	-29838.955606144140	3955.594561448279	-1.439000000000
30000.000000000000	93000.000000000000	-29707.331906021911	4180.242938568593	-1.431000000000
29600.000000000000	94000.000000000000	-29331.490203514586	3977.899249745755	-1.436000000000
29300.000000000000	95000.000000000000	-29049.729602016414	3821.414666027664	-1.440000000000
29000.000000000000	96000.000000000000	-28748.495434491033	3811.037949568109	-1.439000000000
28800.000000000000	97000.000000000000	-28546.430919323702	3813.303262039321	-1.438000000000
28600.000000000000	98000.000000000000	-28363.112278049950	3673.399229968350	-1.442000000000
28100.000000000000	99000.000000000000	-27877.955789892698	3525.561086804216	-1.445000000000
27900.000000000000	100000.000000000000	-27693.316574898636	3389.722272169866	-1.449000000000
27500.000000000000	101000.000000000000	-27268.677594112753	3559.385096942066	-1.441000000000
27200.000000000000	102000.000000000000	-26985.067526159481	3412.642760180594	-1.445000000000
27000.000000000000	103000.000000000000	-26779.819243637892	3441.116283719809	-1.443000000000
26700.000000000000	104000.000000000000	-26485.655336445812	3376.397695621684	-1.444000000000
26500.000000000000	105000.000000000000	-26273.646227079691	3456.228281560857	-1.440000000000
26100.000000000000	106000.000000000000	-25897.021332310895	3248.736079436821	-1.446000000000
26000.000000000000	107000.000000000000	-25791.274859460340	3287.877905848831	-1.444000000000
25900.000000000000	108000.000000000000	-25685.475804248032	3326.609792174135	-1.442000000000
25400.000000000000	109000.000000000000	-25176.366158014654	3363.121626937457	-1.438000000000
25400.000000000000	110000.000000000000	-25166.163514705142	3438.635478081930	-1.435000000000
25200.000000000000	111000.000000000000	-24991.273755484573	3236.701419412671	-1.442000000000
25100.000000000000	112000.000000000000	-24882.318462266376	3298.519052902053	-1.439000000000
24900.000000000000	113000.000000000000	-24660.542754517217	3444.942822838776	-1.432000000000
24800.000000000000	114000.000000000000	-24581.648847195411	3283.677808978304	-1.438000000000
24500.000000000000	115000.000000000000	-24284.290191785789	3243.955899998728	-1.438000000000
24200.000000000000	116000.000000000000	-23999.556542965343	3108.260886896296	-1.442000000000
23900.000000000000	117000.000000000000	-23705.099256405392	3046.025154848275	-1.443000000000
23800.000000000000	118000.000000000000	-23596.708686962138	3104.084267967864	-1.440000000000
23700.000000000000	119000.000000000000	-23521.539005550632	2902.964486582682	-1.448000000000
23400.000000000000	120000.000000000000	-23197.061833347936	3075.113379996336	-1.439000000000
23200.000000000000	121000.000000000000	-22995.736018344094	3071.827627753898	-1.438000000000
23300.000000000000	122000.000000000000	-23072.694447010352	3246.655348954941	-1.431000000000
22800.000000000000	123000.000000000000	-22605.250338770449	2973.660559229718	-1.440000000000
22600.000000000000	124000.000000000000	-22418.569685530911	2857.924641237830	-1.444000000000
22600.000000000000	125000.000000000000	-22406.958669132113	2947.575817482089	-1.440000000000
22500.000000000000	126000.000000000000	-22344.075710962181	2644.292083486606	-1.453000000000
22200.000000000000	127000.000000000000	-22018.962489213380	2829.362277725176	-1.443000000000
22000.000000000000	128000.000000000000	-21817.778675423040	2825.691715360269	-1.442000000000
21800.000000000000	129000.000000000000	-21624.991997547517	2756.759167211712	-1.444000000000
21700.000000000000	130000.000000000000	-21503.153291090086	2916.230193225773	-1.436000000000
21700.000000000000	131000.000000000000	-21525.794786549592	2744.113482958447	-1.444000000000
21400.000000000000	132000.000000000000	-21230.898715434298	2684.946877495026	-1.445000000000
21300.000000000000	133000.000000000000	-21120.830281985513	2756.905547813309	-1.441000000000
21100.000000000000	134000.000000000000	-20927.932816324428	2689.168651351406	-1.443000000000
20900.000000000000	135000.000000000000	-20726.889741651888	2684.407129592255	-1.442000000000
20900.000000000000	136000.000000000000	-20726.889741651888	2684.407129592255	-1.442000000000
20700.000000000000	137000.000000000000	-20528.546299148042	2658.719023088980	-1.442000000000
20600.000000000000	138000.000000000000	-20424.041972748739	2686.728400005798	-1.440000000000
20500.000000000000	139000.000000000000	-20327.559661065869	2653.359799538631	-1.441000000000
20300.000000000000	140000.000000000000	-20126.604468291236	2647.601287384355	-1.440000000000
20200.000000000000	141000.000000000000	-20030.083178221004	2614.530143935627	-1.441000000000
20000.000000000000	142000.000000000000	-19836.903143435476	2548.975024977636	-1.443000000000
19900.000000000000	143000.000000000000	-19730.021129014560	2595.431803889096	-1.440000000000
19800.000000000000	144000.000000000000	-19636.000807880737	2543.122543824242	-1.442000000000
19600.000000000000	145000.000000000000	-19437.657365376890	2517.434437320967	-1.442000000000
19500.000000000000	146000.000000000000	-19335.971384916313	2523.927614195283	-1.441000000000
19400.000000000000	147000.000000000000	-19236.812557301360	2510.984395660948	-1.441000000000
19300.000000000000	148000.000000000000	-19137.653729686404	2498.041177126614	-1.441000000000
19100.000000000000	149000.000000000000	-18941.798759117275	2453.214171062779	-1.442000000000
19000.000000000000	150000.000000000000	-18835.221146735505	2496.886932475658	-1.439000000000
18900.000000000000	151000.000000000000	-18741.018419226581	2446.268302989275	-1.441000000000
18800.000000000000	152000.000000000000	-18644.283595361507	2414.682011307866	-1.442000000000
18700.000000000000	153000.000000000000	-18547.504439112170	2383.291648354090	-1.443000000000
18600.000000000000	154000.000000000000	-18441.125276365368	2425.880982529507	-1.440000000000
18500.000000000000	155000.000000000000	-18344.383108766760	2394.495428851935	-1.441000000000
18400.000000000000	156000.000000000000	-18245.224281151804	2381.552210317600	-1.441000000000
18200.000000000000	157000.000000000000	-18051.581860526283	2319.567272729649	-1.443000000000
18100.000000000000	158000.000000000000	-17950.081546598045	2324.773638546403	-1.442000000000
18000.000000000000	159000.000000000000	-17848.588970691984	2329.779336180261	-1.441000000000
17900.000000000000	160000.000000000000	-17751.738104094202	2299.085532043128	-1.442000000000
17800.000000000000	161000.000000000000	-17652.566382842277	2286.241478791490	-1.442000000000
17700.000000000000	162000.000000000000	-17551.112487847116	2290.949680577257	-1.441000000000
17600.000000000000	163000.000000000000	-17451.953660232160	2278.006462042922	-1.441000000000
17500.000000000000	164000.000000000000	-17352.794832617204	2265.063243508588	-1.441000000000
17400.000000000000	165000.000000000000	-17255.879497834587	2234.865265784940	-1.442000000000
17300.000000000000	166000.000000000000	-17152.229423716177	2256.330161169918	-1.440000000000
17200.000000000000	167000.000000000000	-17055.318349772340	2226.233587905583	-1.441000000000
17100.000000000000	168000.000000000000	-16956.159522157384	2213.290369371248	-1.441000000000
17000.000000000000	169000.000000000000	-16857.000694542428	2200.347150836913	-1.441000000000
16900.000000000000	170000.000000000000	-16760.020891574972	2170.644999526752	-1.442000000000
16800.000000000000	171000.000000000000	-16662.998640485799	2141.139020981214	-1.443000000000
16700.000000000000	172000.000000000000	-16561.677449071125	2144.956893023477	-1.442000000000
16600.000000000000	173000.000000000000	-16462.505727819203	2132.112839771839	-1.442000000000
16600.000000000000	174000.000000000000	-16462.505727819203	2132.112839771839	-1.442000000000
16500.000000000000	175000.000000000000	-16359.062745162826	2151.991194179402	-1.440000000000
16400.000000000000	176000.000000000000	-16266.260577617089	2090.159520481662	-1.443000000000
16300.000000000000	177000.000000000000	-16160.771075524488	2125.906452431772	-1.440000000000
16200.000000000000	178000.000000000000	-16063.730073622784	2096.801402562235	-1.441000000000
16100.000000000000	179000.000000000000	-15968.707030465559	2051.924895106997	-1.443000000000
16000.000000000000	180000.000000000000	-15871.553759667902	2023.309480522357	-1.444000000000
16000.000000000000	181000.000000000000	-15865.412418392872	2070.914965493566	-1.441000000000
15900.000000000000	182000.000000000000	-15770.337999031204	2026.435144857221	-1.443000000000
15800.000000000000	183000.000000000000	-15669.131957803818	2029.360413758739	-1.442000000000
15700.000000000000	184000.000000000000	-15565.896066609477	2047.652227188885	-1.440000000000
15600.000000000000	185000.000000000000	-15470.788515299973	2003.672307255463	-1.442000000000
15500.000000000000	186000.000000000000	-15373.599936162494	1975.455644357668	-1.443000000000
15500.000000000000	187000.000000000000	-15371.616794048050	1990.828254003826	-1.442000000000
15400.000000000000	188000.000000000000	-15268.458562151971	2008.525114567441	-1.440000000000
15300.000000000000	189000.000000000000	-15171.300625088184	1980.312435753222	-1.441000000000
15200.000000000000	190000.000000000000	-15076.046389010962	1937.221018983003	-1.443000000000
15100.000000000000	191000.000000000000	-14974.929909040358	1939.452040997275	-1.442000000000
15100.000000000000	192000.000000000000	-14971.021057694465	1969.398001945998	-1.440000000000
15100.000000000000	193000.000000000000	-14974.929909040358	1939.452040997275	-1.442000000000
14900.000000000000	194000.000000000000	-14774.665314628362	1928.539561615883	-1.441000000000
14900.000000000000	195000.000000000000	-14776.586466536513	1913.763934494000	-1.442000000000
14800.000000000000	196000.000000000000	-14677.414745284590	1900.919881242363	-1.442000000000
14700.000000000000	197000.000000000000	-14576.347659398452	1902.653124547214	-1.441000000000
14600.000000000000	198000.000000000000	-14479.071302780745	1875.231774739088	-1.442000000000
14600.000000000000	199000.000000000000	-14479.071302780745	1875.231774739088	-1.442000000000
14500.000000000000	200000.000000000000	-14379.899581528822	1862.387721487450	-1.442000000000
14400.000000000000	201000.000000000000	-14282.570263273543	1835.262017983898	-1.443000000000
14400.000000000000	202000.000000000000	-14278.871176553586	1863.823468944209	-1.441000000000
14300.000000000000	203000.000000000000	-14179.712348938630	1850.880250409874	-1.441000000000
14300.000000000000	204000.000000000000	-14177.854379141116	1865.059034955481	-1.440000000000
14200.000000000000	205000.000000000000	-14078.708544321948	1852.016664081667	-1.440000000000
14100.000000000000	206000.000000000000	-13979.562709502779	1838.974293207852	-1.440000000000
14100.000000000000	207000.000000000000	-13981.394693708720	1824.993813341205	-1.441000000000
14000.000000000000	208000.000000000000	-13882.235866093764	1812.050594806870	-1.441000000000
14000.000000000000	209000.000000000000	-13882.235866093764	1812.050594806870	-1.441000000000
13900.000000000000	210000.000000000000	-13781.271039864441	1812.889551460223	-1.440000000000
13800.000000000000	211000.000000000000	-13683.918210863852	1786.164157738200	-1.441000000000
13800.000000000000	212000.000000000000	-13683.918210863852	1786.164157738200	-1.441000000000
13700.000000000000	213000.000000000000	-13581.185774225074	1800.386893416658	-1.439000000000
13600.000000000000	214000.000000000000	-13483.833535406935	1773.762438838779	-1.440000000000
13600.000000000000	215000.000000000000	-13483.833535406935	1773.762438838779	-1.440000000000
13500.000000000000	216000.000000000000	-13381.139493432986	1787.485904080932	-1.438000000000
13400.000000000000	217000.000000000000	-13285.541865768599	1747.677697091150	-1.440000000000
13400.000000000000	218000.000000000000	-13287.282900404032	1734.391283600861	-1.441000000000
13300.000000000000	219000.000000000000	-13188.124072789076	1721.448065066526	-1.441000000000
13300.000000000000	220000.000000000000	-13186.396030949429	1734.635326217336	-1.440000000000
13200.000000000000	221000.000000000000	-13087.250196130260	1721.592955343521	-1.440000000000
13200.000000000000	222000.000000000000	-13088.965245174120	1708.504846532192	-1.441000000000
13100.000000000000	223000.000000000000	-12988.104361311092	1708.550584469707	-1.440000000000
13000.000000000000	224000.000000000000	-12888.958526491924	1695.508213595892	-1.440000000000
13000.000000000000	225000.000000000000	-12888.958526491924	1695.508213595892	-1.440000000000
12900.000000000000	226000.000000000000	-12789.812691672754	1682.465842722077	-1.440000000000
12900.000000000000	227000.000000000000	-12788.123831204632	1695.254812049262	-1.439000000000
12800.000000000000	228000.000000000000	-12693.980320246132	1644.038816209611	-1.442000000000
12800.000000000000	229000.000000000000	-12690.666856853586	1669.423471848263	-1.440000000000
12700.000000000000	230000.000000000000	-12589.858345449520	1668.971791707413	-1.439000000000
12700.000000000000	231000.000000000000	-12591.521022034418	1656.381100974448	-1.440000000000
12600.000000000000	232000.000000000000	-12490.725602571965	1655.830281536489	-1.439000000000
12600.000000000000	233000.000000000000	-12492.375187215250	1643.338730100634	-1.440000000000
12500.000000000000	234000.000000000000	-12394.853451869432	1617.902316791848	-1.441000000000
12500.000000000000	235000.000000000000	-12389.943975400913	1655.079540815678	-1.438000000000
12400.000000000000	236000.000000000000	-12292.460116816856	1629.547261194640	-1.439000000000
12400.000000000000	237000.000000000000	-12294.083517576912	1617.253988353005	-1.440000000000
12300.000000000000	238000.000000000000	-12191.704871794498	1628.598268162627	-1.438000000000
12300.000000000000	239000.000000000000	-12191.704871794498	1628.598268162627	-1.438000000000
12200.000000000000	240000.000000000000	-12092.585319991291	1615.357631836101	-1.438000000000
12200.000000000000	241000.000000000000	-12092.585319991291	1615.357631836101	-1.438000000000
12100.000000000000	242000.000000000000	-11995.061888184189	1590.122730681866	-1.439000000000
12100.000000000000	243000.000000000000	-11995.061888184189	1590.122730681866	-1.439000000000
12000.000000000000	244000.000000000000	-11895.929145306634	1576.981220510942	-1.439000000000
12000.000000000000	245000.000000000000	-11894.346216384876	1588.876359183050	-1.438000000000
11900.000000000000	246000.000000000000	-11796.796402429078	1563.839710340017	-1.439000000000
11900.000000000000	247000.000000000000	-11798.354343481069	1552.042133983932	-1.440000000000
11800.000000000000	248000.000000000000	-11696.107112778462	1562.395086530000	-1.438000000000
11800.000000000000	249000.000000000000	-11694.538869899263	1574.090410495947	-1.437000000000
11800.000000000000	250000.000000000000	-11697.663659551523	1550.698200169093	-1.439000000000
11700.000000000000	251000.000000000000	-11596.987560975254	1549.154450203474	-1.438000000000
11700.000000000000	252000.000000000000	-11595.432608289946	1560.750661254456	-1.437000000000
11600.000000000000	253000.000000000000	-11497.868009172047	1535.913813876949	-1.438000000000
11600.000000000000	254000.000000000000	-11496.326346680631	1547.410912012965	-1.437000000000
11500.000000000000	255000.000000000000	-11400.265430918856	1511.273669656319	-1.439000000000
11500.000000000000	256000.000000000000	-11398.748457368840	1522.673177550423	-1.438000000000
11500.000000000000	257000.000000000000	-11395.680315554653	1545.467613921493	-1.436000000000
11400.000000000000	258000.000000000000	-11299.628905565633	1509.432541223898	-1.438000000000
11400.000000000000	259000.000000000000	-11296.587443245482	1532.028765104784	-1.436000000000
11300.000000000000	260000.000000000000	-11200.509353762425	1496.191904897373	-1.438000000000
11300.000000000000	261000.000000000000	-11197.494570936311	1518.589916288075	-1.436000000000
11200.000000000000	262000.000000000000	-11098.401698627140	1505.151067471367	-1.436000000000
11200.000000000000	263000.000000000000	-11098.401698627140	1505.151067471367	-1.436000000000
11200.000000000000	264000.000000000000	-11101.389801959218	1482.951268570847	-1.438000000000
11100.000000000000	265000.000000000000	-11000.795038634053	1480.712165805510	-1.437000000000
11100.000000000000	266000.000000000000	-11000.795038634053	1480.712165805510	-1.437000000000
11100.000000000000	267000.000000000000	-11000.795038634053	1480.712165805510	-1.437000000000
11000.000000000000	268000.000000000000	-10901.688777024736	1467.372416564019	-1.437000000000
10940.000000000000	269000.000000000000	-10842.225020059146	1459.368567019124	-1.437000000000
10900.000000000000	270000.000000000000	-10802.582515415421	1454.032667322528	-1.437000000000
10880.000000000000	271000.000000000000	-10781.304507237794	1462.146751257899	-1.436000000000
10840.000000000000	272000.000000000000	-10743.118758449831	1446.028817777633	-1.437000000000
10810.000000000000	273000.000000000000	-10714.823549926708	1431.312786897398	-1.438000000000
10770.000000000000	274000.000000000000	-10670.849647770645	1458.035594446551	-1.435000000000
10750.000000000000	275000.000000000000	-10652.483773235872	1444.676247796178	-1.436000000000
10700.000000000000	276000.000000000000	-10602.937337081286	1437.956823387824	-1.436000000000
10670.000000000000	277000.000000000000	-10573.209475388534	1433.925168742811	-1.436000000000
10620.000000000000	278000.000000000000	-10522.230571896402	1437.728692016933	-1.435000000000
10590.000000000000	279000.000000000000	-10495.353104426542	1412.679444673905	-1.437000000000
10540.000000000000	280000.000000000000	-10445.799973621883	1406.009570053160	-1.437000000000
10510.000000000000	281000.000000000000	-10414.660879693862	1412.423010636077	-1.436000000000
10450.000000000000	282000.000000000000	-10355.205156308359	1404.359701346052	-1.436000000000
10420.000000000000	283000.000000000000	-10324.071804064079	1410.652822110776	-1.435000000000
10420.000000000000	284000.000000000000	-10325.477294615608	1400.328046701040	-1.436000000000
10380.000000000000	285000.000000000000	-10284.440050497613	1405.237648129545	-1.435000000000
10350.000000000000	286000.000000000000	-10254.716235322765	1401.176267643621	-1.435000000000
10320.000000000000	287000.000000000000	-10229.137746090993	1366.433668897423	-1.438000000000
10280.000000000000	288000.000000000000	-10185.360666581451	1391.699713176466	-1.435000000000
10240.000000000000	289000.000000000000	-10145.728913014987	1386.284539195235	-1.435000000000
10220.000000000000	290000.000000000000	-10124.524396554048	1393.702171764781	-1.434000000000
10170.000000000000	291000.000000000000	-10076.373344273674	1376.807984728080	-1.435000000000
10140.000000000000	292000.000000000000	-10043.883944428308	1392.837144412531	-1.433000000000
10120.000000000000	293000.000000000000	-10025.458600110271	1380.065164213267	-1.434000000000
10070.000000000000	294000.000000000000	-9975.925701888384	1373.246660437510	-1.434000000000
10030.000000000000	295000.000000000000	-9939.015092609841	1347.916536315876	-1.436000000000
10010.000000000000	296000.000000000000	-9915.116201551022	1374.980257945703	-1.433000000000
9980.000000000000	297000.000000000000	-9885.400568579340	1370.859437991820	-1.433000000000
9950.000000000000	298000.000000000000	-9855.684935607658	1366.738618037937	-1.433000000000
9910.000000000000	298999.999999999999	-9817.420427578339	1351.427448355087	-1.434000000000
9890.000000000000	299999.999999999999	-9796.253669664296	1358.496978130170	-1.433000000000
9850.000000000000	300999.999999999999	-9757.980949712073	1343.245243824178	-1.434000000000
9810.000000000000	301999.999999999999	-9715.659615333891	1357.224461528048	-1.432000000000
9790.000000000000	302999.999999999999	-9697.201559758692	1344.760911617226	-1.433000000000
9760.000000000000	303999.999999999999	-9667.485926787011	1340.640091663343	-1.433000000000
9720.000000000000	304999.999999999999	-9627.865082824768	1335.145665058166	-1.433000000000
9700.000000000000	305999.999999999999	-9608.054660843647	1332.398451755577	-1.433000000000
9660.000000000000	306999.999999999999	-9568.433816881405	1326.904025150399	-1.433000000000
9630.000000000000	307999.999999999999	-9538.718183909725	1322.783205196516	-1.433000000000
9620.000000000000	308999.999999999999	-9528.812972919164	1321.409598545221	-1.433000000000
9580.000000000000	309999.999999999999	-9487.871469408632	1325.403704529939	-1.432000000000
9540.000000000000	310999.999999999999	-9449.571284994679	1310.420745334866	-1.433000000000
9520.000000000000	311999.999999999999	-9428.448474819434	1317.102637486954	-1.432000000000
9500.000000000000	312999.999999999999	-9408.640809956367	1314.335615139292	-1.432000000000
9460.000000000000	313999.999999999999	-9370.329597070197	1299.431892124511	-1.433000000000
9430.000000000000	314999.999999999999	-9339.313982935637	1304.651036922476	-1.432000000000
9410.000000000000	315999.999999999999	-9318.199774522207	1311.202868397682	-1.431000000000
9380.000000000000	316999.999999999999	-9289.794820777972	1297.733481053322	-1.432000000000
9350.000000000000	317999.999999999999	-9260.083323483372	1293.582947531829	-1.432000000000
9330.000000000000	318999.999999999999	-9238.980222772814	1300.055553894832	-1.431000000000
9300.000000000000	319999.999999999999	-9210.564161325707	1286.665391662675	-1.432000000000
9260.000000000000	320999.999999999999	-9170.948831599575	1281.131346967352	-1.432000000000
9230.000000000000	321999.999999999999	-9139.955783086076	1286.121410766270	-1.431000000000
9220.000000000000	322999.999999999999	-9130.053339117401	1284.727996453414	-1.431000000000
9190.000000000000	323999.999999999999	-9099.060909498663	1289.647457731510	-1.430000000000
9160.000000000000	324999.999999999999	-9070.638675305358	1276.367510576277	-1.431000000000
9130.000000000000	325999.999999999999	-9040.931343399336	1272.187267637708	-1.431000000000
9090.000000000000	326999.999999999999	-9000.050453464946	1275.614297146837	-1.430000000000
9080.000000000000	327999.999999999999	-8991.419123555965	1265.220196073427	-1.431000000000
9050.000000000000	328999.999999999999	-8960.446271051458	1270.001032912968	-1.430000000000
9030.000000000000	329999.999999999999	-8939.372515333400	1276.134409888622	-1.429000000000
9010.000000000000	330999.999999999999	-8919.573240659351	1273.307977087096	-1.429000000000
8980.000000000000	331999.999999999999	-8891.138951827856	1260.177820503696	-1.430000000000
8950.000000000000	332999.999999999999	-8862.687351963204	1247.105810006297	-1.431000000000
8930.000000000000	333999.999999999999	-8840.376141963152	1262.002245880996	-1.429000000000
8890.000000000000	334999.999999999999	-8802.029541397511	1247.547975977490	-1.430000000000
8870.000000000000	335999.999999999999	-8782.227450190767	1244.741343860555	-1.430000000000
8840.000000000000	336999.999999999999	-8751.279405929929	1249.283298274132	-1.429000000000
8820.000000000000	337999.999999999999	-8731.480131255879	1246.456865472607	-1.429000000000
8800.000000000000	338999.999999999999	-8710.432870516366	1252.341490260553	-1.428000000000
8760.000000000000	339999.999999999999	-8672.082307233732	1237.977567068031	-1.429000000000
8750.000000000000	340999.999999999999	-8663.414902950306	1227.901551158946	-1.430000000000
8720.000000000000	341999.999999999999	-8632.483757885631	1232.324701464981	-1.429000000000
8690.000000000000	342999.999999999999	-8602.784845874557	1228.085052262693	-1.429000000000
8670.000000000000	343999.999999999999	-8582.985571200508	1225.258619461168	-1.429000000000
8650.000000000000	344999.999999999999	-8561.959582950745	1230.994760312930	-1.428000000000
8630.000000000000	345999.999999999999	-8540.930725202485	1236.690077299947	-1.427000000000
8600.000000000000	346999.999999999999	-8512.468487095539	1223.879183663723	-1.428000000000
8580.000000000000	347999.999999999999	-8492.672048753457	1221.032953004040	-1.428000000000
8560.000000000000	348999.999999999999	-8472.875610411374	1218.186722344357	-1.428000000000
8520.000000000000	349999.999999999999	-8432.066023027251	1220.926936106089	-1.427000000000
8500.000000000000	350999.999999999999	-8412.272440813573	1218.060910434479	-1.427000000000
8490.000000000000	351999.999999999999	-8402.375649706733	1216.627897598674	-1.427000000000
8460.000000000000	352999.999999999999	-8372.685276386213	1212.328859091258	-1.427000000000
8450.000000000000	353999.999999999999	-8361.573408241040	1219.258027899062	-1.426000000000
8410.000000000000	354999.999999999999	-8323.201320852017	1205.163794912231	-1.427000000000
8400.000000000000	355999.999999999999	-8313.304529745177	1203.730782076426	-1.427000000000
8370.000000000000	356999.999999999999	-8283.614156424659	1199.431743569010	-1.427000000000
8340.000000000000	357999.999999999999	-8253.923783104141	1195.132705061595	-1.427000000000
8330.000000000000	358999.999999999999	-8244.026991997300	1193.699692225789	-1.427000000000
8310.000000000000	359999.999999999999	-8223.038464199177	1199.057303176474	-1.426000000000
8280.000000000000	360999.999999999999	-8194.543036463103	1186.534628046763	-1.427000000000
8260.000000000000	361999.999999999999	-8173.561698469940	1191.842758632693	-1.426000000000
8230.000000000000	362999.999999999999	-8142.684053260930	1195.657312431176	-1.425000000000
8210.000000000000	363999.999999999999	-8122.896242681924	1192.751705353579	-1.425000000000
8200.000000000000	364999.999999999999	-8114.189579594856	1183.185305180155	-1.426000000000
8170.000000000000	365999.999999999999	-8084.503520157314	1178.856578453886	-1.426000000000
8150.000000000000	366999.999999999999	-8063.532810944907	1184.034884120788	-1.425000000000
8140.000000000000	367999.999999999999	-8053.638905655404	1182.582080581990	-1.425000000000
8120.000000000000	368999.999999999999	-8032.667401874293	1187.709733422307	-1.424000000000
8100.000000000000	369999.999999999999	-8014.063284497392	1176.770866426796	-1.425000000000
8070.000000000000	370999.999999999999	-7984.381568628884	1172.412455810400	-1.425000000000
8040.000000000000	371999.999999999999	-7954.699852760375	1168.054045194005	-1.425000000000
8030.000000000000	372999.999999999999	-7943.635374021007	1174.545462977972	-1.424000000000
8010.000000000000	373999.999999999999	-7923.850478942499	1171.620069545897	-1.424000000000
7990.000000000000	374999.999999999999	-7905.230326312860	1160.790027500012	-1.425000000000
7970.000000000000	375999.999999999999	-7884.280688785482	1165.769282681748	-1.424000000000
7950.000000000000	376999.999999999999	-7863.329017763963	1170.707802310734	-1.423000000000
7930.000000000000	377999.999999999999	-7843.547057970846	1167.762625449575	-1.423000000000
7910.000000000000	378999.999999999999	-7824.926003549958	1156.993102385524	-1.424000000000
7900.000000000000	379999.999999999999	-7815.033556010704	1155.530405669486	-1.424000000000
7860.000000000000	380999.999999999999	-7774.310198694937	1157.454506435518	-1.423000000000
7850.000000000000	381999.999999999999	-7764.419218798378	1155.981918004938	-1.423000000000
7830.000000000000	382999.999999999999	-7744.637259005261	1153.036741143779	-1.423000000000
7810.000000000000	383999.999999999999	-7726.001528157418	1142.366135225150	-1.424000000000
7780.000000000000	384999.999999999999	-7695.182359522470	1145.673798990882	-1.423000000000
7780.000000000000	385999.999999999999	-7695.182359522470	1145.673798990882	-1.423000000000
7750.000000000000	386999.999999999999	-7665.509419832794	1141.256033699143	-1.423000000000
7730.000000000000	387999.999999999999	-7644.585326509146	1145.956013868356	-1.422000000000
7710.000000000000	388999.999999999999	-7624.806321783379	1142.991056523289	-1.422000000000
7690.000000000000	389999.999999999999	-7605.027317057611	1140.026099178222	-1.422000000000
7670.000000000000	390999.999999999999	-7586.381580660326	1129.475326254507	-1.423000000000
7650.000000000000	391999.999999999999	-7564.331428876266	1141.661085486737	-1.421000000000
7640.000000000000	392999.999999999999	-7555.579805243193	1132.613705815554	-1.422000000000
7620.000000000000	393999.999999999999	-7534.667384057143	1137.183983190710	-1.421000000000
7600.000000000000	394999.999999999999	-7514.891354177728	1134.199248326692	-1.421000000000
7590.000000000000	395999.999999999999	-7505.003339238020	1132.706880894684	-1.421000000000
7560.000000000000	396999.999999999999	-7476.463786340122	1120.753876435287	-1.422000000000
7550.000000000000	397999.999999999999	-7465.451279479190	1126.737411166649	-1.421000000000
7530.000000000000	398999.999999999999	-7445.675249599775	1123.752676302631	-1.421000000000
7510.000000000000	399999.999999999999	-7425.899219720360	1120.767941438613	-1.421000000000
7480.000000000000	400999.999999999999	-7396.235174901238	1116.290839142587	-1.421000000000
7470.000000000000	401999.999999999999	-7386.347159961530	1114.798471710578	-1.421000000000
7450.000000000000	402999.999999999999	-7365.455633245312	1119.179750842060	-1.420000000000
7440.000000000000	403999.999999999999	-7356.683115142408	1110.321369414552	-1.421000000000
7420.000000000000	404999.999999999999	-7335.796080359761	1114.672986744709	-1.420000000000
7400.000000000000	405999.999999999999	-7314.907718799441	1118.983943338048	-1.419000000000
7380.000000000000	406999.999999999999	-7297.355025504162	1101.367164822499	-1.421000000000
7380.000000000000	407999.999999999999	-7297.355025504162	1101.367164822499	-1.421000000000
7350.000000000000	408999.999999999999	-7265.482666645390	1111.423241018196	-1.419000000000
7330.000000000000	409999.999999999999	-7245.712645783770	1108.398960090256	-1.419000000000
7320.000000000000	410999.999999999999	-7235.827635352960	1106.886819626285	-1.419000000000
7300.000000000000	411999.999999999999	-7216.057614491340	1103.862538698344	-1.419000000000
7280.000000000000	412999.999999999999	-7196.287593629720	1100.838257770404	-1.419000000000
7270.000000000000	413999.999999999999	-7186.402583198910	1099.326117306433	-1.419000000000
7250.000000000000	414999.999999999999	-7166.632562337290	1096.301836378493	-1.419000000000
7230.000000000000	415999.999999999999	-7146.862541475670	1093.277555450552	-1.419000000000
7210.000000000000	416999.999999999999	-7127.092520614050	1090.253274522611	-1.419000000000
7200.000000000000	417999.999999999999	-7116.115210627179	1095.857796012102	-1.418000000000
7190.000000000000	418999.999999999999	-7104.028834736911	1108.546036584190	-1.416000000000
7170.000000000000	419999.999999999999	-7086.464730582899	1091.291721862052	-1.418000000000
7160.000000000000	420999.999999999999	-7076.581237234805	1089.769697145368	-1.418000000000
7140.000000000000	421999.999999999999	-7057.897447598380	1079.668291274819	-1.419000000000
7120.000000000000	422999.999999999999	-7037.047263842433	1083.681598278634	-1.418000000000
7110.000000000000	423999.999999999999	-7026.078097519544	1089.186195081509	-1.417000000000
7090.000000000000	424999.999999999999	-7006.314164755776	1086.122380186765	-1.417000000000
7070.000000000000	425999.999999999999	-6986.550231992008	1083.058565292021	-1.417000000000
7060.000000000000	426999.999999999999	-6975.583250798692	1088.502784184198	-1.416000000000
7040.000000000000	427999.999999999999	-6956.904332846356	1078.462842949905	-1.417000000000
7020.000000000000	428999.999999999999	-6937.140400082588	1075.399028055161	-1.417000000000
7010.000000000000	429999.999999999999	-6926.181103130146	1080.793840953432	-1.416000000000
6990.000000000000	430999.999999999999	-6907.494500936936	1070.803305713045	-1.417000000000
6980.000000000000	431999.999999999999	-6897.612534555052	1069.271398265673	-1.417000000000
6960.000000000000	432999.999999999999	-6876.778955461600	1073.084897722665	-1.416000000000
6940.000000000000	433999.999999999999	-6858.084669027516	1063.143768476185	-1.417000000000
6930.000000000000	434999.999999999999	-6847.137666860473	1068.459531784205	-1.416000000000
6910.000000000000	435999.999999999999	-6827.376807793054	1065.375954491899	-1.416000000000
6900.000000000000	436999.999999999999	-6816.429135522900	1070.651129170716	-1.415000000000
6890.000000000000	437999.999999999999	-6806.550252717794	1069.099460867570	-1.415000000000
6880.000000000000	438999.999999999999	-6796.671369912689	1067.547792564425	-1.415000000000
6860.000000000000	439999.999999999999	-6776.913604302477	1064.444455958132	-1.415000000000
6840.000000000000	440999.999999999999	-6756.091119172166	1068.097743393826	-1.414000000000
6830.000000000000	441999.999999999999	-6748.333371523380	1053.041645322673	-1.416000000000
6810.000000000000	442999.999999999999	-6726.459140579306	1063.413104168414	-1.414000000000
6800.000000000000	443999.999999999999	-6717.640307471844	1055.134446139257	-1.415000000000
6790.000000000000	444999.999999999999	-6705.640844997465	1066.996184576911	-1.413000000000
6770.000000000000	445999.999999999999	-6686.949835788826	1057.166918534532	-1.414000000000
6760.000000000000	446999.999999999999	-6676.013565859037	1062.281915720165	-1.413000000000
6740.000000000000	447999.999999999999	-6658.367010641209	1045.824436320381	-1.415000000000
6730.000000000000	448999.999999999999	-6647.440530998345	1050.920732900650	-1.414000000000
6710.000000000000	449999.999999999999	-6626.634767294991	1054.424800958921	-1.413000000000
6690.000000000000	450999.999999999999	-6606.883247869373	1051.281955054423	-1.413000000000
6680.000000000000	451999.999999999999	-6598.053900010244	1043.113000858297	-1.414000000000
6670.000000000000	452999.999999999999	-6587.131728443755	1048.139109149926	-1.413000000000
6660.000000000000	453999.999999999999	-6577.255968730945	1046.567686197677	-1.413000000000
6640.000000000000	454999.999999999999	-6557.504449305326	1043.424840293179	-1.413000000000
6630.000000000000	455999.999999999999	-6546.583562534746	1048.400524012587	-1.412000000000
6610.000000000000	456999.999999999999	-6526.835195830267	1045.237928163379	-1.412000000000
6600.000000000000	457999.999999999999	-6518.001410454090	1037.139148484184	-1.413000000000
6590.000000000000	458999.999999999999	-6508.125650741280	1035.567725531936	-1.413000000000
6570.000000000000	459999.999999999999	-6487.338462421309	1038.912736464962	-1.412000000000
6560.000000000000	460999.999999999999	-6477.464279069070	1037.331438540358	-1.412000000000
6550.000000000000	461999.999999999999	-6467.590095716831	1035.750140615753	-1.412000000000
6530.000000000000	462999.999999999999	-6447.841729012352	1032.587544766545	-1.412000000000
6520.000000000000	463999.999999999999	-6437.967545660113	1031.006246841941	-1.412000000000
6510.000000000000	464999.999999999999	-6427.060723484114	1035.852526495863	-1.411000000000
6490.000000000000	465999.999999999999	-6407.315529249139	1032.670183864540	-1.411000000000
6480.000000000000	466999.999999999999	-6397.442932131652	1031.079012548878	-1.411000000000
6470.000000000000	467999.999999999999	-6386.537653559611	1035.874895759758	-1.410000000000
6450.000000000000	468999.999999999999	-6366.795651539335	1032.672809528662	-1.410000000000
6440.000000000000	469999.999999999999	-6356.924650529197	1031.071766413113	-1.410000000000
6430.000000000000	470999.999999999999	-6347.053649519058	1029.470723297565	-1.410000000000
6410.000000000000	471999.999999999999	-6327.311647498781	1026.268637066468	-1.410000000000
6400.000000000000	472999.999999999999	-6317.440646488642	1024.667593950920	-1.410000000000
6380.000000000000	473999.999999999999	-6296.674030281830	1027.762694581963	-1.409000000000
6370.000000000000	474999.999999999999	-6286.804635250040	1026.151781267572	-1.409000000000
6360.000000000000	475999.999999999999	-6276.935240218250	1024.540867953180	-1.409000000000
6350.000000000000	476999.999999999999	-6267.065845186460	1022.929954638788	-1.409000000000
6340.000000000000	477999.999999999999	-6257.196450154671	1021.319041324396	-1.409000000000
6320.000000000000	478999.999999999999	-6237.457660091091	1018.097214695613	-1.409000000000
6310.000000000000	479999.999999999999	-6227.588265059302	1016.486301381221	-1.409000000000
6290.000000000000	480999.999999999999	-6207.849474995723	1013.264474752437	-1.409000000000
6290.000000000000	481999.999999999999	-6207.849474995723	1013.264474752437	-1.409000000000
6280.000000000000	482999.999999999999	-6196.965327581322	1017.851034658275	-1.408000000000
6260.000000000000	483999.999999999999	-6177.229769213229	1014.609470853631	-1.408000000000
6250.000000000000	484999.999999999999	-6167.361990029181	1012.988688951309	-1.408000000000
6240.000000000000	485999.999999999999	-6158.502499836773	1005.209908180478	-1.409000000000
6230.000000000000	486999.999999999999	-6146.613610891273	1015.894245680200	-1.407000000000
6210.000000000000	487999.999999999999	-6127.890873292995	1006.505561342020	-1.408000000000
6200.000000000000	488999.999999999999	-6117.015150485698	1011.002299071788	-1.407000000000
6190.000000000000	489999.999999999999	-6107.148997017172	1009.371650202318	-1.407000000000
6180.000000000000	490999.999999999999	-6097.282843548646	1007.741001332847	-1.407000000000
6170.000000000000	491999.999999999999	-6087.416690080121	1006.110352463376	-1.407000000000
6150.000000000000	492999.999999999999	-6066.678500413549	1008.916236671813	-1.406000000000
6140.000000000000	493999.999999999999	-6057.818229674545	1001.218405854964	-1.407000000000
6130.000000000000	494999.999999999999	-6046.949464639846	1005.635208259872	-1.406000000000
6120.000000000000	495999.999999999999	-6037.084946752995	1003.994694053901	-1.406000000000
6110.000000000000	496999.999999999999	-6027.220428866144	1002.354179847931	-1.406000000000
6090.000000000000	497999.999999999999	-6007.491393092441	999.073151435990	-1.406000000000
6080.000000000000	498999.999999999999	-5997.626875205590	997.432637230020	-1.406000000000
6070.000000000000	499999.999999999999	-5986.763571480751	1001.779386487387	-1.405000000000
6060.000000000000	500999.999999999999	-5976.900699040090	1000.129008585431	-1.405000000000
6050.000000000000	501999.999999999999	-5967.037826599430	998.478630683475	-1.405000000000
6040.000000000000	502999.999999999999	-5958.168803658185	990.870580406138	-1.406000000000
6020.000000000000	503999.999999999999	-5937.449209277450	993.527496977606	-1.405000000000
6010.000000000000	504999.999999999999	-5927.586336836789	991.877119075650	-1.405000000000
6000.000000000000	505999.999999999999	-5917.723464396129	990.226741173694	-1.405000000000
5990.000000000000	506999.999999999999	-5907.860591955469	988.576363271738	-1.405000000000
5980.000000000000	507999.999999999999	-5897.007844695313	992.823488643346	-1.404000000000
5960.000000000000	508999.999999999999	-5877.285410432118	989.503008748217	-1.404000000000
5950.000000000000	509999.999999999999	-5867.424193300521	987.842768800653	-1.404000000000
5950.000000000000	510999.999999999999	-5867.424193300521	987.842768800653	-1.404000000000
5940.000000000000	511999.999999999999	-5857.562976168922	986.182528853089	-1.404000000000
5930.000000000000	512999.999999999999	-5847.701759037325	984.522288905525	-1.404000000000
5910.000000000000	513999.999999999999	-5827.979324774130	981.201809010397	-1.404000000000
5900.000000000000	514999.999999999999	-5817.135657177915	985.359196430045	-1.403000000000
5890.000000000000	515999.999999999999	-5807.276105216597	983.689096097112	-1.403000000000
5880.000000000000	516999.999999999999	-5797.416553255278	982.018995764180	-1.403000000000
5870.000000000000	517999.999999999999	-5786.573758783660	986.135961293543	-1.402000000000
5860.000000000000	518999.999999999999	-5776.715881852172	984.456002245343	-1.402000000000
5850.000000000000	519999.999999999999	-5766.858004920684	982.776043197142	-1.402000000000
5840.000000000000	520999.999999999999	-5757.000127989196	981.096084148942	-1.402000000000
5820.000000000000	521999.999999999999	-5737.284374126219	977.736166052542	-1.402000000000
5820.000000000000	522999.999999999999	-5737.284374126219	977.736166052542	-1.402000000000
5800.000000000000	523999.999999999999	-5717.568620263242	974.376247956141	-1.402000000000
5800.000000000000	524999.999999999999	-5717.568620263242	974.376247956141	-1.402000000000
5780.000000000000	525999.999999999999	-5696.879001306046	976.713696268374	-1.401000000000
5770.000000000000	526999.999999999999	-5687.022809262264	975.023880184864	-1.401000000000
5770.000000000000	527999.999999999999	-5687.022809262264	975.023880184864	-1.401000000000
5750.000000000000	528999.999999999999	-5667.310425174699	971.644248017846	-1.401000000000
5740.000000000000	529999.999999999999	-5657.454233130918	969.954431934337	-1.401000000000
5730.000000000000	530999.999999999999	-5646.626952833876	973.911728818381	-1.400000000000
5720.000000000000	531999.999999999999	-5636.772455533992	972.212057389379	-1.400000000000
5710.000000000000	532999.999999999999	-5626.917958234108	970.512385960376	-1.400000000000
5710.000000000000	533999.999999999999	-5626.917958234108	970.512385960376	-1.400000000000
5690.000000000000	534999.999999999999	-5607.208963634338	967.113043102372	-1.400000000000
5680.000000000000	535999.999999999999	-5596.386254446683	971.010242500165	-1.399000000000
5670.000000000000	536999.999999999999	-5586.533461745193	969.300717425341	-1.399000000000
5670.000000000000	537999.999999999999	-5587.499969034569	963.713700244367	-1.400000000000
5650.000000000000	538999.999999999999	-5567.790974434800	960.314357386362	-1.400000000000
5640.000000000000	539999.999999999999	-5557.936477134916	958.614685957359	-1.400000000000
5640.000000000000	540999.999999999999	-5556.975083640720	964.172142200868	-1.399000000000
5620.000000000000	541999.999999999999	-5536.305976671294	966.289880250074	-1.398000000000
5610.000000000000	542999.999999999999	-5527.416705536249	959.043566976395	-1.399000000000
5610.000000000000	543999.999999999999	-5526.454898420990	964.570503238953	-1.398000000000
5590.000000000000	544999.999999999999	-5505.788856955211	966.638020475003	-1.397000000000
5580.000000000000	545999.999999999999	-5495.939503007169	964.908793246962	-1.397000000000
5570.000000000000	546999.999999999999	-5487.050585419771	957.692995194468	-1.398000000000
5560.000000000000	547999.999999999999	-5477.199507169465	955.973618183347	-1.398000000000
5550.000000000000	548999.999999999999	-5467.348428919161	954.254241172226	-1.398000000000
5540.000000000000	549999.999999999999	-5456.542087215003	957.991884334798	-1.397000000000
5530.000000000000	550999.999999999999	-5446.692733266961	956.262657106757	-1.397000000000
5520.000000000000	551999.999999999999	-5436.843379318920	954.533429878715	-1.397000000000
5520.000000000000	552999.999999999999	-5436.843379318920	954.533429878715	-1.397000000000
5510.000000000000	553999.999999999999	-5426.038507830242	958.230719369485	-1.396000000000
5490.000000000000	554999.999999999999	-5406.343268237391	954.752567938017	-1.396000000000
5480.000000000000	555999.999999999999	-5396.495648440967	953.013492222283	-1.396000000000
5480.000000000000	556999.999999999999	-5396.495648440967	953.013492222283	-1.396000000000
5460.000000000000	557999.999999999999	-5378.688724666417	938.779848072136	-1.398000000000
5460.000000000000	558999.999999999999	-5376.800408848116	949.535340790815	-1.396000000000
5450.000000000000	559999.999999999999	-5366.952789051691	947.796265075081	-1.396000000000
5440.000000000000	560999.999999999999	-5357.105169255266	946.057189359346	-1.396000000000
5430.000000000000	561999.999999999999	-5346.310557874032	949.664898142844	-1.395000000000
5420.000000000000	562999.999999999999	-5336.464682076842	947.915975678492	-1.395000000000
5410.000000000000	563999.999999999999	-5326.618806279653	946.167053214141	-1.395000000000
5410.000000000000	564999.999999999999	-5326.618806279653	946.167053214141	-1.395000000000
5400.000000000000	565999.999999999999	-5316.772930482462	944.418130749789	-1.395000000000
5390.000000000000	566999.999999999999	-5305.981732170793	947.975663121071	-1.394000000000
5370.000000000000	567999.999999999999	-5286.293488266634	944.458128192978	-1.394000000000
5360.000000000000	568999.999999999999	-5277.389427293704	937.422440892383	-1.395000000000
5360.000000000000	569999.999999999999	-5276.449366314555	942.699360728931	-1.394000000000
5350.000000000000	570999.999999999999	-5266.605244362476	940.940593264885	-1.394000000000
5340.000000000000	571999.999999999999	-5255.819312360783	944.438116456248	-1.393000000000
5330.000000000000	572999.999999999999	-5245.976954097935	942.669505751273	-1.393000000000
5320.000000000000	573999.999999999999	-5236.134595835088	940.900895046299	-1.393000000000
5310.000000000000	574999.999999999999	-5226.292237572240	939.132284341325	-1.393000000000
5300.000000000000	575999.999999999999	-5216.449879309392	937.363673636351	-1.393000000000
5290.000000000000	576999.999999999999	-5206.607521046544	935.595062931376	-1.393000000000
5290.000000000000	577999.999999999999	-5206.607521046544	935.595062931376	-1.393000000000
5280.000000000000	578999.999999999999	-5195.828738104742	939.022749609872	-1.392000000000
5270.000000000000	579999.999999999999	-5185.988153373483	937.244297432580	-1.392000000000
5260.000000000000	580999.999999999999	-5176.147568642224	935.465845255289	-1.392000000000
5250.000000000000	581999.999999999999	-5166.306983910965	933.687393077997	-1.392000000000
5250.000000000000	582999.999999999999	-5166.306983910965	933.687393077997	-1.392000000000
5240.000000000000	583999.999999999999	-5155.531912161139	937.064940486042	-1.391000000000
5230.000000000000	584999.999999999999	-5146.625814448447	930.130488723414	-1.392000000000
5220.000000000000	585999.999999999999	-5135.854309442967	933.488356743729	-1.391000000000
5210.000000000000	586999.999999999999	-5125.081245166751	936.825613676328	-1.390000000000
5200.000000000000	587999.999999999999	-5116.176706724795	929.911773001416	-1.391000000000
5190.000000000000	588999.999999999999	-5106.337905365708	928.123481130260	-1.391000000000
5190.000000000000	589999.999999999999	-5105.407228870526	933.229354122868	-1.390000000000
5180.000000000000	590999.999999999999	-5095.570220722413	931.431224346138	-1.390000000000
5170.000000000000	591999.999999999999	-5085.733212574300	929.633094569408	-1.390000000000
5160.000000000000	592999.999999999999	-5075.896204426187	927.834964792678	-1.390000000000
5150.000000000000	593999.999999999999	-5066.059196278075	926.036835015948	-1.390000000000
5140.000000000000	594999.999999999999	-5056.222188129962	924.238705239218	-1.390000000000
5130.000000000000	595999.999999999999	-5045.460216367746	927.486498581156	-1.389000000000
5120.000000000000	596999.999999999999	-5035.625011267614	925.678532696982	-1.389000000000
5120.000000000000	597999.999999999999	-5035.625011267614	925.678532696982	-1.389000000000
5110.000000000000	598999.999999999999	-5025.789806167482	923.870566812808	-1.389000000000
5100.000000000000	599999.999999999999	-5015.030030643007	927.078093662448	-1.388000000000
5100.000000000000	600999.999999999999	-5015.030030643007	927.078093662448	-1.388000000000
5090.000000000000	601999.999999999999	-5005.196638426060	925.260293478796	-1.388000000000
5080.000000000000	602999.999999999999	-4996.284190867086	918.446669160287	-1.389000000000
5070.000000000000	603999.999999999999	-4985.529853992166	921.624693111492	-1.388000000000
5060.000000000000	604999.999999999999	-4975.696461775219	919.806892927840	-1.388000000000
5060.000000000000	605999.999999999999	-4974.774167187569	924.782128656924	-1.387000000000
5050.000000000000	606999.999999999999	-4964.942597687198	922.954495991594	-1.387000000000
5040.000000000000	607999.999999999999	-4955.111028186828	921.126863326264	-1.387000000000
5030.000000000000	608999.999999999999	-4944.357686969489	924.244049645831	-1.386000000000
5030.000000000000	609999.999999999999	-4945.279458686457	919.299230660935	-1.387000000000
5010.000000000000	610999.999999999999	-4925.616319685715	915.643965330275	-1.387000000000
5010.000000000000	611999.999999999999	-4924.698213065038	920.569123007080	-1.386000000000
5000.000000000000	612999.999999999999	-4914.868476112812	918.731659687705	-1.386000000000
4990.000000000000	613999.999999999999	-4905.038739160586	916.894196368330	-1.386000000000
4980.000000000000	614999.999999999999	-4895.209002208360	915.056733048954	-1.386000000000
4980.000000000000	615999.999999999999	-4896.121611184603	910.161067334285	-1.387000000000
4970.000000000000	616999.999999999999	-4885.379265256135	913.219269729579	-1.386000000000
4970.000000000000	617999.999999999999	-4884.463603449180	918.104191571008	-1.385000000000
4960.000000000000	618999.999999999999	-4874.635708874835	916.256899435050	-1.385000000000
4950.000000000000	619999.999999999999	-4864.807814300490	914.409607299092	-1.385000000000
4940.000000000000	620999.999999999999	-4855.890054399459	907.706879771453	-1.386000000000
4930.000000000000	621999.999999999999	-4845.152025151802	910.715023027177	-1.385000000000
4920.000000000000	622999.999999999999	-4834.412845336180	913.702599782082	-1.384000000000
4910.000000000000	623999.999999999999	-4825.496236003113	907.020438755261	-1.385000000000
4910.000000000000	624999.999999999999	-4824.586802967610	911.845480676834	-1.384000000000
4900.000000000000	625999.999999999999	-4814.760760599042	909.988361571586	-1.384000000000
4890.000000000000	626999.999999999999	-4804.934718230472	908.131242466338	-1.384000000000
4890.000000000000	627999.999999999999	-4804.934718230472	908.131242466338	-1.384000000000
4880.000000000000	628999.999999999999	-4795.108675861902	906.274123361090	-1.384000000000
4870.000000000000	629999.999999999999	-4784.375823998696	909.201833883323	-1.383000000000
4870.000000000000	630999.999999999999	-4784.375823998696	909.201833883323	-1.383000000000
4860.000000000000	631999.999999999999	-4774.551643661944	907.334889665903	-1.383000000000
4850.000000000000	632999.999999999999	-4764.727463325191	905.467945448484	-1.383000000000
4840.000000000000	633999.999999999999	-4754.903282988437	903.601001231064	-1.383000000000
4830.000000000000	634999.999999999999	-4744.174996205606	906.478684458459	-1.382000000000
4830.000000000000	635999.999999999999	-4744.174996205606	906.478684458459	-1.382000000000
4820.000000000000	636999.999999999999	-4734.352687724849	904.601916995812	-1.382000000000
4810.000000000000	637999.999999999999	-4724.530379244092	902.725149533165	-1.382000000000
4810.000000000000	638999.999999999999	-4724.530379244092	902.725149533165	-1.382000000000
4800.000000000000	639999.999999999999	-4713.804865177567	905.562638931343	-1.381000000000
4790.000000000000	640999.999999999999	-4704.885762282578	898.971614607872	-1.382000000000
4780.000000000000	641999.999999999999	-4694.164011572660	901.789461269129	-1.381000000000
4780.000000000000	642999.999999999999	-4694.164011572660	901.789461269129	-1.381000000000
4770.000000000000	643999.999999999999	-4684.343584770208	899.902872438022	-1.381000000000
4770.000000000000	644999.999999999999	-4683.441339876155	904.586765290670	-1.380000000000
4760.000000000000	645999.999999999999	-4673.622804572432	902.690356977692	-1.380000000000
4750.000000000000	646999.999999999999	-4663.804269268709	900.793948664714	-1.380000000000
4740.000000000000	647999.999999999999	-4653.985733964985	898.897540351735	-1.380000000000
4730.000000000000	648999.999999999999	-4644.167198661261	897.001132038757	-1.380000000000
4730.000000000000	649999.999999999999	-4644.167198661261	897.001132038757	-1.380000000000
4720.000000000000	650999.999999999999	-4633.451241608857	899.738624064420	-1.379000000000
4720.000000000000	651999.999999999999	-4634.348663357538	895.104723725779	-1.380000000000
4710.000000000000	652999.999999999999	-4623.634607622398	897.832398165978	-1.379000000000
4710.000000000000	653999.999999999999	-4623.634607622398	897.832398165978	-1.379000000000
4700.000000000000	654999.999999999999	-4614.711592750091	891.311907099822	-1.380000000000
4690.000000000000	655999.999999999999	-4604.001339649480	894.019946369095	-1.379000000000
4680.000000000000	656999.999999999999	-4594.184705663019	892.113720470653	-1.379000000000
4680.000000000000	657999.999999999999	-4594.184705663019	892.113720470653	-1.379000000000
4670.000000000000	658999.999999999999	-4583.475572146511	894.791416776117	-1.378000000000
4660.000000000000	659999.999999999999	-4573.660849293949	892.875375198438	-1.378000000000
4660.000000000000	660999.999999999999	-4573.660849293949	892.875375198438	-1.378000000000
4650.000000000000	661999.999999999999	-4563.846126441387	890.959333620759	-1.378000000000
4640.000000000000	662999.999999999999	-4554.031403588825	889.043292043080	-1.378000000000
4630.000000000000	663999.999999999999	-4543.327281525500	891.671022825179	-1.377000000000
4630.000000000000	664999.999999999999	-4544.216680736263	887.127250465401	-1.378000000000
4620.000000000000	665999.999999999999	-4533.514479621558	889.745167484304	-1.377000000000
4620.000000000000	666999.999999999999	-4532.622467845314	894.278236335794	-1.376000000000
4610.000000000000	667999.999999999999	-4523.701677717615	887.819312143429	-1.377000000000
4600.000000000000	668999.999999999999	-4513.888875813673	885.893456802554	-1.377000000000
4600.000000000000	669999.999999999999	-4513.000725560269	890.406901979362	-1.376000000000
4590.000000000000	670999.999999999999	-4503.189854417747	888.471234801146	-1.376000000000
4580.000000000000	671999.999999999999	-4493.378983275225	886.535567622930	-1.376000000000
4580.000000000000	672999.999999999999	-4493.378983275225	886.535567622930	-1.376000000000
4570.000000000000	673999.999999999999	-4483.568112132702	884.599900444714	-1.376000000000
4560.000000000000	674999.999999999999	-4473.757240990180	882.664233266498	-1.376000000000
4560.000000000000	675999.999999999999	-4472.872340025589	887.137548429782	-1.375000000000
4550.000000000000	676999.999999999999	-4463.063409455358	885.192071349892	-1.375000000000
4540.000000000000	677999.999999999999	-4453.254478885126	883.246594270002	-1.375000000000
4540.000000000000	678999.999999999999	-4453.254478885126	883.246594270002	-1.375000000000
4530.000000000000	679999.999999999999	-4442.562025622000	885.744121347330	-1.374000000000
4520.000000000000	680999.999999999999	-4432.755045432989	883.788836311243	-1.374000000000
4510.000000000000	681999.999999999999	-4423.827687174432	877.410163030332	-1.375000000000
4510.000000000000	682999.999999999999	-4422.948065243978	881.833551275157	-1.374000000000
4510.000000000000	683999.999999999999	-4423.827687174432	877.410163030332	-1.375000000000
4500.000000000000	684999.999999999999	-4412.259000365016	884.290966649505	-1.373000000000
4490.000000000000	685999.999999999999	-4402.453980364205	882.325875612506	-1.373000000000
4490.000000000000	686999.999999999999	-4404.209826033969	873.519208870552	-1.375000000000
4480.000000000000	687999.999999999999	-4392.648960363394	880.360784575508	-1.373000000000
4480.000000000000	688999.999999999999	-4392.648960363394	880.360784575508	-1.373000000000
4470.000000000000	689999.999999999999	-4382.843940362582	878.395693538509	-1.373000000000
4450.000000000000	690999.999999999999	-4368.402123974452	848.270524806497	-1.379000000000
4460.000000000000	691999.999999999999	-4372.160303386063	880.803202477766	-1.372000000000
4450.000000000000	692999.999999999999	-4362.357253378471	878.828307404946	-1.372000000000
4440.000000000000	693999.999999999999	-4352.554203370879	876.853412332126	-1.372000000000
4440.000000000000	694999.999999999999	-4351.675173827769	881.205527383402	-1.371000000000
4430.000000000000	695999.999999999999	-4342.751153363287	874.878517259306	-1.372000000000
4420.000000000000	696999.999999999999	-4332.948103355695	872.903622186486	-1.372000000000
4420.000000000000	697999.999999999999	-4332.073033405121	877.236133115910	-1.371000000000
4420.000000000000	698999.999999999999	-4332.073033405121	877.236133115910	-1.371000000000
4410.000000000000	699999.999999999999	-4322.271963193797	875.251435982163	-1.371000000000
4410.000000000000	700999.999999999999	-4322.271963193797	875.251435982163	-1.371000000000
4400.000000000000	701999.999999999999	-4311.595470153902	877.578772389321	-1.370000000000
4390.000000000000	702999.999999999999	-4302.669822771149	871.282041714670	-1.371000000000
4390.000000000000	703999.999999999999	-4301.796389539916	875.584275179345	-1.370000000000
4380.000000000000	704999.999999999999	-4291.997308925930	873.589777969369	-1.370000000000
4370.000000000000	705999.999999999999	-4282.198228311944	871.595280759393	-1.370000000000
4370.000000000000	706999.999999999999	-4282.198228311944	871.595280759393	-1.370000000000
4360.000000000000	707999.999999999999	-4271.527410859946	873.872747184694	-1.369000000000
4360.000000000000	708999.999999999999	-4271.527410859946	873.872747184694	-1.369000000000
4350.000000000000	709999.999999999999	-4261.730329642378	871.868451892986	-1.369000000000
4350.000000000000	710999.999999999999	-4261.730329642378	871.868451892986	-1.369000000000
4340.000000000000	711999.999999999999	-4251.933248424809	869.864156601278	-1.369000000000
4330.000000000000	712999.999999999999	-4241.266186422667	872.101562839860	-1.368000000000
4330.000000000000	713999.999999999999	-4241.266186422667	872.101562839860	-1.368000000000
4320.000000000000	714999.999999999999	-4231.471114398596	870.087471470714	-1.368000000000
4320.000000000000	715999.999999999999	-4231.471114398596	870.087471470714	-1.368000000000
4310.000000000000	716999.999999999999	-4221.676042374525	868.073380101569	-1.368000000000
4310.000000000000	717999.999999999999	-4220.805858301257	872.294621403678	-1.367000000000
4300.000000000000	718999.999999999999	-4211.012805265756	870.270735971187	-1.367000000000
4290.000000000000	719999.999999999999	-4201.219752230254	868.246850538696	-1.367000000000
4290.000000000000	720999.999999999999	-4201.219752230254	868.246850538696	-1.367000000000
4280.000000000000	721999.999999999999	-4190.558380660842	870.413957995381	-1.366000000000
4280.000000000000	722999.999999999999	-4191.426699194752	866.222965106204	-1.367000000000
4270.000000000000	723999.999999999999	-4181.633646159250	864.199079673713	-1.367000000000
4260.000000000000	724999.999999999999	-4170.976332153081	866.346603051478	-1.366000000000
4260.000000000000	725999.999999999999	-4170.107900206428	870.517145515203	-1.365000000000
4260.000000000000	726999.999999999999	-4170.976332153081	866.346603051478	-1.366000000000
4250.000000000000	727999.999999999999	-4161.185307899201	864.312925579526	-1.366000000000
4240.000000000000	728999.999999999999	-4151.394283645320	862.279248107574	-1.366000000000
4240.000000000000	729999.999999999999	-4150.529928843956	866.430210559733	-1.365000000000
4230.000000000000	730999.999999999999	-4140.740943162720	864.386743081997	-1.365000000000
4230.000000000000	731999.999999999999	-4140.740943162720	864.386743081997	-1.365000000000
4220.000000000000	732999.999999999999	-4130.087548873797	866.473795701649	-1.364000000000
4220.000000000000	733999.999999999999	-4130.951957481485	862.343275604262	-1.365000000000
4210.000000000000	734999.999999999999	-4120.300611554192	864.420540261598	-1.364000000000
4200.000000000000	735999.999999999999	-4110.513674234586	862.367284821547	-1.364000000000
4200.000000000000	736999.999999999999	-4110.513674234586	862.367284821547	-1.364000000000
4200.000000000000	737999.999999999999	-4110.513674234586	862.367284821547	-1.364000000000
4190.000000000000	738999.999999999999	-4100.726736914979	860.314029381495	-1.364000000000
4180.000000000000	739999.999999999999	-4089.215097314966	866.440931565074	-1.362000000000
4180.000000000000	740999.999999999999	-4090.939799595373	858.260773941444	-1.364000000000
4170.000000000000	741999.999999999999	-4079.432286077370	864.368106369942	-1.362000000000
4170.000000000000	742999.999999999999	-4079.432286077370	864.368106369942	-1.362000000000
4160.000000000000	743999.999999999999	-4070.509735152666	858.225201230641	-1.363000000000
4160.000000000000	744999.999999999999	-4070.509735152666	858.225201230641	-1.363000000000
4150.000000000000	745999.999999999999	-4059.866663602179	860.222455979679	-1.362000000000
4150.000000000000	746999.999999999999	-4059.866663602179	860.222455979679	-1.362000000000
4140.000000000000	747999.999999999999	-4050.083852364583	858.149630784547	-1.362000000000
4140.000000000000	748999.999999999999	-4050.083852364583	858.149630784547	-1.362000000000
4130.000000000000	749999.999999999999	-4040.301041126988	856.076805589415	-1.362000000000
4130.000000000000	750999.999999999999	-4039.442944313726	860.116677918792	-1.361000000000
4120.000000000000	751999.999999999999	-4029.662210792385	858.034070950466	-1.361000000000
4120.000000000000	752999.999999999999	-4029.662210792385	858.034070950466	-1.361000000000
4110.000000000000	753999.999999999999	-4019.881477271044	855.951463982139	-1.361000000000
4110.000000000000	754999.999999999999	-4019.881477271044	855.951463982139	-1.361000000000
4100.000000000000	755999.999999999999	-4010.100743749703	853.868857013813	-1.361000000000
4100.000000000000	756999.999999999999	-4009.244869984796	857.878530154819	-1.360000000000
4090.000000000000	757999.999999999999	-3999.466223960444	855.786143495905	-1.360000000000
4080.000000000000	758999.999999999999	-3989.687577936090	853.693756836991	-1.360000000000
4080.000000000000	759999.999999999999	-3989.687577936090	853.693756836991	-1.360000000000
4080.000000000000	760999.999999999999	-3989.687577936090	853.693756836991	-1.360000000000
4070.000000000000	761999.999999999999	-3979.055340729192	855.580852646021	-1.359000000000
4070.000000000000	762999.999999999999	-3979.055340729192	855.580852646021	-1.359000000000
4060.000000000000	763999.999999999999	-3969.278791980472	853.478688388905	-1.359000000000
4060.000000000000	764999.999999999999	-3969.278791980472	853.478688388905	-1.359000000000
4050.000000000000	765999.999999999999	-3958.648887098559	855.335600026877	-1.358000000000
4040.000000000000	766999.999999999999	-3949.725694483031	849.274359874674	-1.359000000000
4040.000000000000	767999.999999999999	-3948.874445402019	853.223660273725	-1.358000000000
4030.000000000000	768999.999999999999	-3939.100003705480	851.111720520572	-1.358000000000
4030.000000000000	769999.999999999999	-3939.100003705480	851.111720520572	-1.358000000000
4030.000000000000	770999.999999999999	-3939.100003705480	851.111720520572	-1.358000000000
4020.000000000000	771999.999999999999	-3928.474597707056	852.928681174686	-1.357000000000
4020.000000000000	772999.999999999999	-3928.474597707056	852.928681174686	-1.357000000000
4010.000000000000	773999.999999999999	-3918.702272837138	850.806968037436	-1.357000000000
4010.000000000000	774999.999999999999	-3918.702272837138	850.806968037436	-1.357000000000
4000.000000000000	775999.999999999999	-3908.079308388956	852.593759854071	-1.356000000000
4000.000000000000	776999.999999999999	-3908.929947967219	848.685254900185	-1.357000000000
3990.000000000000	777999.999999999999	-3898.309110117983	850.462275454436	-1.356000000000
3990.000000000000	778999.999999999999	-3898.309110117983	850.462275454436	-1.356000000000
3980.000000000000	779999.999999999999	-3889.385298227383	844.441828625684	-1.357000000000
3980.000000000000	780999.999999999999	-3888.538911847011	848.330791054801	-1.356000000000
3970.000000000000	781999.999999999999	-3877.920575026221	850.077651622663	-1.355000000000
3970.000000000000	782999.999999999999	-3877.920575026221	850.077651622663	-1.355000000000
3960.000000000000	783999.999999999999	-3868.152513124392	847.936398092127	-1.355000000000
3960.000000000000	784999.999999999999	-3868.152513124392	847.936398092127	-1.355000000000
3960.000000000000	785999.999999999999	-3868.152513124392	847.936398092127	-1.355000000000
3950.000000000000	786999.999999999999	-3858.384451222563	845.795144561592	-1.355000000000
3950.000000000000	787999.999999999999	-3857.536727026903	849.653105472213	-1.354000000000
3940.000000000000	788999.999999999999	-3848.616389320734	843.653891031056	-1.355000000000
3940.000000000000	789999.999999999999	-3847.770811262277	847.502084952030	-1.354000000000
3930.000000000000	790999.999999999999	-3838.004895497652	845.351064431847	-1.354000000000
3930.000000000000	791999.999999999999	-3838.004895497652	845.351064431847	-1.354000000000
3920.000000000000	792999.999999999999	-3828.238979733027	843.200043911664	-1.354000000000
3920.000000000000	793999.999999999999	-3827.393865710318	847.027860653371	-1.353000000000
3910.000000000000	794999.999999999999	-3817.630105848812	844.867075294561	-1.353000000000
3910.000000000000	795999.999999999999	-3817.630105848812	844.867075294561	-1.353000000000
3900.000000000000	796999.999999999999	-3807.866345987306	842.706289935752	-1.353000000000
3900.000000000000	797999.999999999999	-3807.021735904807	846.513734293984	-1.352000000000
3890.000000000000	798999.999999999999	-3798.102586125800	840.545504576942	-1.353000000000
3890.000000000000	799999.999999999999	-3797.260141710180	844.343186257333	-1.352000000000
3890.000000000000	800999.999999999999	-3797.260141710180	844.343186257333	-1.352000000000
3880.000000000000	801999.999999999999	-3787.498547515552	842.172638220682	-1.352000000000
3880.000000000000	802999.999999999999	-3787.498547515552	842.172638220682	-1.352000000000
3870.000000000000	803999.999999999999	-3777.736953320924	840.002090184031	-1.352000000000
3870.000000000000	804999.999999999999	-3776.895062502421	843.779406506719	-1.351000000000
3860.000000000000	805999.999999999999	-3767.135643736265	841.599097962774	-1.351000000000
3860.000000000000	806999.999999999999	-3767.135643736265	841.599097962774	-1.351000000000
3850.000000000000	807999.999999999999	-3757.376224970109	839.418789418829	-1.351000000000
3850.000000000000	808999.999999999999	-3757.376224970109	839.418789418829	-1.351000000000
3840.000000000000	809999.999999999999	-3746.777694054371	840.985678437279	-1.350000000000
3840.000000000000	810999.999999999999	-3746.777694054371	840.985678437279	-1.350000000000
3830.000000000000	811999.999999999999	-3737.020460476104	838.795611566349	-1.350000000000
3830.000000000000	812999.999999999999	-3737.020460476104	838.795611566349	-1.350000000000
3830.000000000000	813999.999999999999	-3737.020460476104	838.795611566349	-1.350000000000
3820.000000000000	814999.999999999999	-3726.424757861118	840.332388998369	-1.349000000000
3820.000000000000	815999.999999999999	-3726.424757861118	840.332388998369	-1.349000000000
3810.000000000000	816999.999999999999	-3716.669719227974	838.132565990520	-1.349000000000
3810.000000000000	817999.999999999999	-3716.669719227974	838.132565990520	-1.349000000000
3810.000000000000	818999.999999999999	-3716.669719227974	838.132565990520	-1.349000000000
3800.000000000000	819999.999999999999	-3706.914680594829	835.932742982671	-1.349000000000
3800.000000000000	820999.999999999999	-3706.076894533984	839.639239079109	-1.348000000000
3790.000000000000	821999.999999999999	-3696.324060600999	837.429662134164	-1.348000000000
3790.000000000000	822999.999999999999	-3696.324060600999	837.429662134164	-1.348000000000
3780.000000000000	823999.999999999999	-3686.571226668015	835.220085189219	-1.348000000000
3780.000000000000	824999.999999999999	-3685.734163436569	838.906238191451	-1.347000000000
3770.000000000000	825999.999999999999	-3675.983543956578	836.686909518987	-1.347000000000
3770.000000000000	826999.999999999999	-3675.983543956578	836.686909518987	-1.347000000000
3770.000000000000	827999.999999999999	-3675.983543956578	836.686909518987	-1.347000000000
3760.000000000000	828999.999999999999	-3666.232924476587	834.467580846523	-1.347000000000
3760.000000000000	829999.999999999999	-3665.396623918510	838.133395926205	-1.346000000000
3750.000000000000	830999.999999999999	-3655.648228642131	835.904317745550	-1.346000000000
3750.000000000000	831999.999999999999	-3655.648228642131	835.904317745550	-1.346000000000
3740.000000000000	832999.999999999999	-3645.899833365751	833.675239564895	-1.346000000000
3740.000000000000	833999.999999999999	-3645.899833365751	833.675239564895	-1.346000000000
3740.000000000000	834999.999999999999	-3645.899833365751	833.675239564895	-1.346000000000
3730.000000000000	835999.999999999999	-3635.318173990995	835.081896493259	-1.345000000000
3730.000000000000	836999.999999999999	-3636.151438089373	831.446161384240	-1.346000000000
3730.000000000000	837999.999999999999	-3635.318173990995	835.081896493259	-1.345000000000
3720.000000000000	838999.999999999999	-3625.572012666622	832.843071033491	-1.345000000000
3720.000000000000	839999.999999999999	-3624.737356948541	836.468226020395	-1.344000000000
3710.000000000000	840999.999999999999	-3616.654647536614	826.988005022931	-1.346000000000
3710.000000000000	841999.999999999999	-3615.825851342250	830.604245573724	-1.345000000000
3700.000000000000	842999.999999999999	-3606.079690017877	828.365420113956	-1.345000000000
3700.000000000000	843999.999999999999	-3604.415748125160	835.575917955599	-1.343000000000
3690.000000000000	844999.999999999999	-3595.505604069924	829.722514520230	-1.344000000000
3690.000000000000	845999.999999999999	-3596.333528693504	826.126594654189	-1.345000000000
3690.000000000000	846999.999999999999	-3597.157856983857	822.529848661621	-1.346000000000
3680.000000000000	847999.999999999999	-3585.761686443718	827.473944020176	-1.344000000000
3680.000000000000	848999.999999999999	-3585.761686443718	827.473944020176	-1.344000000000
3670.000000000000	849999.999999999998	-3575.190755572794	828.800978080283	-1.343000000000
3670.000000000000	850999.999999999998	-3575.190755572794	828.800978080283	-1.343000000000
3670.000000000000	851999.999999999998	-3574.360167137618	832.375753839536	-1.342000000000
3660.000000000000	852999.999999999998	-3564.620766137243	830.107700014360	-1.342000000000
3660.000000000000	853999.999999999998	-3564.620766137243	830.107700014360	-1.342000000000
3660.000000000000	854999.999999999998	-3564.620766137243	830.107700014360	-1.342000000000
3650.000000000000	855999.999999999998	-3554.881365136868	827.839646189184	-1.342000000000
3650.000000000000	856999.999999999998	-3554.051748188118	831.394113042053	-1.341000000000
3640.000000000000	857999.999999999998	-3544.314620110890	829.116320951527	-1.341000000000
3640.000000000000	858999.999999999998	-3544.314620110890	829.116320951527	-1.341000000000
3630.000000000000	859999.999999999998	-3534.577492033663	826.838528861001	-1.341000000000
3630.000000000000	860999.999999999998	-3534.577492033663	826.838528861001	-1.341000000000
3630.000000000000	861999.999999999998	-3534.577492033663	826.838528861001	-1.341000000000
3620.000000000000	862999.999999999998	-3524.014040937056	828.085164266623	-1.340000000000
3620.000000000000	863999.999999999998	-3524.014040937056	828.085164266623	-1.340000000000
3620.000000000000	864999.999999999998	-3524.014040937056	828.085164266623	-1.340000000000
3610.000000000000	865999.999999999998	-3513.451640882096	829.311501899562	-1.339000000000
3610.000000000000	866999.999999999998	-3513.451640882096	829.311501899562	-1.339000000000
3600.000000000000	867999.999999999998	-3503.719087860262	827.014240121447	-1.339000000000
3600.000000000000	868999.999999999998	-3503.719087860262	827.014240121447	-1.339000000000
3600.000000000000	869999.999999999998	-3503.719087860262	827.014240121447	-1.339000000000
3590.000000000000	870999.999999999998	-3493.986534838428	824.716978343332	-1.339000000000
3590.000000000000	871999.999999999998	-3493.986534838428	824.716978343332	-1.339000000000
3580.000000000000	872999.999999999998	-3483.429820110253	825.903558756500	-1.338000000000
3580.000000000000	873999.999999999998	-3483.429820110253	825.903558756500	-1.338000000000
3580.000000000000	874999.999999999998	-3483.429820110253	825.903558756500	-1.338000000000
3570.000000000000	875999.999999999998	-3473.699569216090	823.596565575616	-1.338000000000
3570.000000000000	876999.999999999998	-3473.699569216090	823.596565575616	-1.338000000000
3570.000000000000	877999.999999999998	-3473.699569216090	823.596565575616	-1.338000000000
3560.000000000000	878999.999999999998	-3463.969318321927	821.289572394732	-1.338000000000
3560.000000000000	879999.999999999998	-3463.146296901899	824.753130490974	-1.337000000000
3550.000000000000	880999.999999999998	-3453.418357865658	822.436408214314	-1.337000000000
3550.000000000000	881999.999999999998	-3453.418357865658	822.436408214314	-1.337000000000
3550.000000000000	882999.999999999998	-3452.594194885482	825.889414778440	-1.336000000000
3540.000000000000	883999.999999999998	-3443.690418829417	820.119685937654	-1.337000000000
3540.000000000000	884999.999999999998	-3442.868577435100	823.562965722726	-1.336000000000
3540.000000000000	885999.999999999998	-3442.868577435100	823.562965722726	-1.336000000000
3530.000000000000	886999.999999999998	-3433.142959984718	821.236516667012	-1.336000000000
3530.000000000000	887999.999999999998	-3433.142959984718	821.236516667012	-1.336000000000
3520.000000000000	888999.999999999998	-3423.417342534337	818.910067611298	-1.336000000000
3520.000000000000	889999.999999999998	-3422.596720894682	822.333074928263	-1.335000000000
3520.000000000000	890999.999999999998	-3422.596720894682	822.333074928263	-1.335000000000
3510.000000000000	891999.999999999998	-3412.873434755777	819.996901419944	-1.335000000000
3510.000000000000	892999.999999999998	-3412.873434755777	819.996901419944	-1.335000000000
3510.000000000000	893999.999999999998	-3412.873434755777	819.996901419944	-1.335000000000
3500.000000000000	894999.999999999998	-3402.330786450304	821.063468662720	-1.334000000000
3500.000000000000	895999.999999999998	-3402.330786450304	821.063468662720	-1.334000000000
3500.000000000000	896999.999999999998	-3402.330786450304	821.063468662720	-1.334000000000
3490.000000000000	897999.999999999998	-3391.789427604795	822.109772955129	-1.333000000000
3490.000000000000	898999.999999999998	-3392.609841346160	818.717573037970	-1.334000000000
3480.000000000000	899999.999999999998	-3382.888896242016	816.371677413219	-1.334000000000
3480.000000000000	900999.999999999998	-3382.070833256358	819.754157559842	-1.333000000000
3480.000000000000	901999.999999999998	-3382.070833256358	819.754157559842	-1.333000000000
3470.000000000000	902999.999999999998	-3372.352238907920	817.398542164555	-1.333000000000
3470.000000000000	903999.999999999998	-3372.352238907920	817.398542164555	-1.333000000000
3470.000000000000	904999.999999999998	-3371.533154326009	820.770485142167	-1.332000000000
3460.000000000000	905999.999999999998	-3361.816920451871	818.405152331959	-1.332000000000
3460.000000000000	906999.999999999998	-3361.816920451871	818.405152331959	-1.332000000000
3460.000000000000	907999.999999999998	-3361.816920451871	818.405152331959	-1.332000000000
3450.000000000000	908999.999999999998	-3352.100686577733	816.039819521751	-1.332000000000
3450.000000000000	909999.999999999998	-3352.100686577733	816.039819521751	-1.332000000000
3440.000000000000	910999.999999999998	-3341.569107160408	817.016463769974	-1.331000000000
3440.000000000000	911999.999999999998	-3341.569107160408	817.016463769974	-1.331000000000
3440.000000000000	912999.999999999998	-3341.569107160408	817.016463769974	-1.331000000000
3430.000000000000	913999.999999999998	-3331.855243476803	814.641415910177	-1.331000000000
3430.000000000000	914999.999999999998	-3331.855243476803	814.641415910177	-1.331000000000
3430.000000000000	915999.999999999998	-3331.038936269183	817.972863277670	-1.330000000000
3420.000000000000	916999.999999999998	-3321.327452489973	815.588102743333	-1.330000000000
3420.000000000000	917999.999999999998	-3321.327452489973	815.588102743333	-1.330000000000
3420.000000000000	918999.999999999998	-3320.510203859573	818.909021848252	-1.329000000000
3420.000000000000	919999.999999999998	-3320.510203859573	818.909021848252	-1.329000000000
3410.000000000000	920999.999999999998	-3311.615968710762	813.203342208996	-1.330000000000
3410.000000000000	921999.999999999998	-3311.615968710762	813.203342208996	-1.330000000000
3400.000000000000	922999.999999999998	-3300.276245042525	817.420764605361	-1.328000000000
3400.000000000000	923999.999999999998	-3301.092015532909	814.120080200016	-1.329000000000
3400.000000000000	924999.999999999998	-3300.276245042525	817.420764605361	-1.328000000000
3390.000000000000	925999.999999999998	-3291.382921369576	811.725609375898	-1.329000000000
3390.000000000000	926999.999999999998	-3290.569550204164	815.016585885933	-1.328000000000
3390.000000000000	927999.999999999998	-3290.569550204164	815.016585885933	-1.328000000000
3380.000000000000	928999.999999999998	-3280.862855365804	812.612407166505	-1.328000000000
3380.000000000000	929999.999999999998	-3280.862855365804	812.612407166505	-1.328000000000
3380.000000000000	930999.999999999998	-3280.048602662782	815.892863168891	-1.327000000000
3370.000000000000	931999.999999999998	-3270.344316856088	813.478978958333	-1.327000000000
3370.000000000000	932999.999999999998	-3270.344316856088	813.478978958333	-1.327000000000
3370.000000000000	933999.999999999998	-3270.344316856088	813.478978958333	-1.327000000000
3360.000000000000	934999.999999999998	-3260.640031049393	811.065094747774	-1.327000000000
3360.000000000000	935999.999999999998	-3260.640031049393	811.065094747774	-1.327000000000
3360.000000000000	936999.999999999998	-3260.640031049393	811.065094747774	-1.327000000000
3350.000000000000	937999.999999999998	-3250.125468699199	811.901741415063	-1.326000000000
3350.000000000000	938999.999999999998	-3250.125468699199	811.901741415063	-1.326000000000
3350.000000000000	939999.999999999998	-3250.125468699199	811.901741415063	-1.326000000000
3340.000000000000	940999.999999999998	-3240.423601628455	809.478154127257	-1.326000000000
3340.000000000000	941999.999999999998	-3239.612503397575	812.718172449772	-1.325000000000
3340.000000000000	942999.999999999998	-3239.612503397575	812.718172449772	-1.325000000000
3340.000000000000	943999.999999999998	-3239.612503397575	812.718172449772	-1.325000000000
3330.000000000000	944999.999999999998	-3229.913064764648	810.284884508305	-1.325000000000
3330.000000000000	945999.999999999998	-3229.913064764648	810.284884508305	-1.325000000000
3320.000000000000	946999.999999999998	-3219.404164563118	811.071405730504	-1.324000000000
3320.000000000000	947999.999999999998	-3219.404164563118	811.071405730504	-1.324000000000
3320.000000000000	948999.999999999998	-3219.404164563118	811.071405730504	-1.324000000000
3310.000000000000	949999.999999999998	-3209.707164067446	808.628419568665	-1.324000000000
3310.000000000000	950999.999999999998	-3209.707164067446	808.628419568665	-1.324000000000
3310.000000000000	951999.999999999998	-3208.896930929200	811.837721883605	-1.323000000000
3310.000000000000	952999.999999999998	-3208.896930929200	811.837721883605	-1.323000000000
3300.000000000000	953999.999999999998	-3199.202378267782	809.385039944380	-1.323000000000
3300.000000000000	954999.999999999998	-3199.202378267782	809.385039944380	-1.323000000000
3300.000000000000	955999.999999999998	-3199.202378267782	809.385039944380	-1.323000000000
3290.000000000000	956999.999999999998	-3188.699298629068	810.121461833030	-1.322000000000
3290.000000000000	957999.999999999998	-3188.699298629068	810.121461833030	-1.322000000000
3290.000000000000	958999.999999999998	-3189.507825606365	806.932358005154	-1.323000000000
3280.000000000000	959999.999999999998	-3179.007203496457	807.659086569100	-1.322000000000
3280.000000000000	960999.999999999998	-3179.007203496457	807.659086569100	-1.322000000000
3280.000000000000	961999.999999999998	-3178.197955041029	810.837689413253	-1.321000000000
3270.000000000000	962999.999999999998	-3168.508327129318	808.365623286993	-1.321000000000
3270.000000000000	963999.999999999998	-3168.508327129318	808.365623286993	-1.321000000000
3270.000000000000	964999.999999999998	-3168.508327129318	808.365623286993	-1.321000000000
3260.000000000000	965999.999999999998	-3158.818699217608	805.893557160733	-1.321000000000
3260.000000000000	966999.999999999998	-3158.818699217608	805.893557160733	-1.321000000000
3260.000000000000	967999.999999999998	-3158.011226385544	809.051972386736	-1.320000000000
3260.000000000000	968999.999999999998	-3158.011226385544	809.051972386736	-1.320000000000
3250.000000000000	969999.999999999998	-3148.324075384362	806.570217870212	-1.320000000000
3250.000000000000	970999.999999999998	-3148.324075384362	806.570217870212	-1.320000000000
3250.000000000000	971999.999999999998	-3148.324075384362	806.570217870212	-1.320000000000
3240.000000000000	972999.999999999998	-3137.831266735509	807.226697710767	-1.319000000000
3240.000000000000	973999.999999999998	-3138.636924383179	804.088463353688	-1.320000000000
3240.000000000000	974999.999999999998	-3137.831266735509	807.226697710767	-1.319000000000
3230.000000000000	975999.999999999998	-3128.146602332004	804.735257285734	-1.319000000000
3230.000000000000	976999.999999999998	-3128.146602332004	804.735257285734	-1.319000000000
3230.000000000000	977999.999999999998	-3127.340303135670	807.863000999113	-1.318000000000
3220.000000000000	978999.999999999998	-3117.658135014507	805.361877157011	-1.318000000000
3220.000000000000	979999.999999999998	-3117.658135014507	805.361877157011	-1.318000000000
3220.000000000000	980999.999999999998	-3117.658135014507	805.361877157011	-1.318000000000
3210.000000000000	981999.999999999998	-3107.975966893344	802.860753314908	-1.318000000000
3210.000000000000	982999.999999999998	-3107.171552285985	805.968327333462	-1.317000000000
3210.000000000000	983999.999999999998	-3107.171552285985	805.968327333462	-1.317000000000
3200.000000000000	984999.999999999998	-3097.491890129331	803.457522575414	-1.317000000000
3200.000000000000	985999.999999999998	-3097.491890129331	803.457522575414	-1.317000000000
3200.000000000000	986999.999999999998	-3097.491890129331	803.457522575414	-1.317000000000
3200.000000000000	987999.999999999998	-3097.491890129331	803.457522575414	-1.317000000000
3190.000000000000	988999.999999999998	-3087.009737482366	804.034129057378	-1.316000000000
3190.000000000000	989999.999999999998	-3087.009737482366	804.034129057378	-1.316000000000
3190.000000000000	990999.999999999998	-3087.009737482366	804.034129057378	-1.316000000000
3180.000000000000	991999.999999999998	-3077.332590969882	801.513645894188	-1.316000000000
3180.000000000000	992999.999999999998	-3077.332590969882	801.513645894188	-1.316000000000
3180.000000000000	993999.999999999998	-3077.332590969882	801.513645894188	-1.316000000000
3180.000000000000	994999.999999999998	-3076.529538791406	804.590577215480	-1.315000000000
3170.000000000000	995999.999999999998	-3066.854917600238	802.060418167633	-1.315000000000
3170.000000000000	996999.999999999998	-3066.854917600238	802.060418167633	-1.315000000000
3170.000000000000	997999.999999999998	-3066.854917600238	802.060418167633	-1.315000000000
3160.000000000000	998999.999999999998	-3057.180296409070	799.530259119785	-1.315000000000
3160.000000000000	1000000.000000000000	-3056.379237693184	802.587039141568	-1.314000000000
