2000000.000000000000	1000.000000000000	-1818594.853651363400	-832293.673094284836	-2.000000000000
979999.999999999998	2000.000000000000	-972858.731216836719	118092.713980019282	-1.450000000000
689999.999999999999	3000.000000000000	-686497.801346530787	69431.756036982901	-1.470000000000
519999.999999999999	4000.000000000000	-514854.371375332411	72972.435040303098	-1.430000000000
409999.999999999999	5000.000000000000	-407012.326325411267	49406.135440620317	-1.450000000000
349999.999999999999	6000.000000000000	-346536.596118012210	49116.062046357860	-1.430000000000
309999.999999999999	7000.000000000000	-307741.027221652446	37355.858503883654	-1.450000000000
270000.000000000000	8000.000000000000	-266935.975969964347	40560.876876155176	-1.420000000000
250000.000000000000	9000.000000000000	-247162.940712929936	37556.367477921456	-1.420000000000
230000.000000000000	10000.000000000000	-227389.905455895554	34551.858079687743	-1.420000000000
200000.000000000000	11000.000000000000	-197730.352570343937	30045.093982337166	-1.420000000000
190000.000000000000	12000.000000000000	-187843.834941826760	28542.839283220310	-1.420000000000
180000.000000000000	13000.000000000000	-178462.502674503572	23476.267572866196	-1.440000000000
170000.000000000000	14000.000000000000	-167807.017172354564	27217.732964321316	-1.410000000000
160000.000000000000	15000.000000000000	-158184.282056275144	24036.075185869733	-1.420000000000
150000.000000000000	16000.000000000000	-148297.764427757967	22533.820486752877	-1.420000000000
140000.000000000000	17000.000000000000	-138411.246799240762	21031.565787636016	-1.420000000000
130000.000000000000	18000.000000000000	-128524.729170723571	19529.311088519160	-1.420000000000
130000.000000000000	19000.000000000000	-128524.729170723571	19529.311088519160	-1.420000000000
120000.000000000000	20000.000000000000	-118638.211542206365	18027.056389402300	-1.420000000000
120000.000000000000	21000.000000000000	-118044.097777353192	21577.557320759952	-1.390000000000
110000.000000000000	22000.000000000000	-108751.693913689174	16524.801690285443	-1.420000000000
104900.000000000000	23000.000000000000	-103444.167710457914	17415.917049947653	-1.404000000000
102500.000000000000	24000.000000000000	-101128.073052384512	16714.150912073917	-1.407000000000
98200.000000000000	25000.000000000000	-97085.603112038880	14752.141145327549	-1.420000000000
94400.000000000000	26000.000000000000	-93452.576461514181	13340.762823198878	-1.429000000000
93500.000000000000	27000.000000000000	-92664.354604710257	12472.665540794160	-1.437000000000
90000.000000000000	28000.000000000000	-88810.012656420222	14587.037120898845	-1.408000000000
86100.000000000000	29000.000000000000	-85109.939809274569	13019.529394784582	-1.419000000000
84100.000000000000	30000.000000000000	-82974.350670297921	13713.756992247965	-1.407000000000
81700.000000000000	31000.000000000000	-80511.242940057200	13886.315574949693	-1.400000000000
79700.000000000000	32000.000000000000	-78854.425157338541	11578.844204224151	-1.425000000000
77300.000000000000	33000.000000000000	-76411.130630161730	11688.845786490689	-1.419000000000
75300.000000000000	34000.000000000000	-74376.266268079547	11758.444455782905	-1.414000000000
72500.000000000000	35000.000000000000	-71762.088990049611	10317.586141351150	-1.428000000000
72000.000000000000	36000.000000000000	-71256.895969244375	10317.692417797940	-1.427000000000
70000.000000000000	37000.000000000000	-69346.057510644168	9545.905286060148	-1.434000000000
68800.000000000000	38000.000000000000	-68080.029643430011	9927.213292243254	-1.426000000000
66700.000000000000	39000.000000000000	-66049.301271055388	9294.073466750839	-1.431000000000
65000.000000000000	40000.000000000000	-64374.910804964616	8992.822629900418	-1.432000000000
63800.000000000000	41000.000000000000	-63177.592520139929	8889.983316022541	-1.431000000000
62300.000000000000	42000.000000000000	-61593.004825662137	9359.046775498027	-1.420000000000
60900.000000000000	43000.000000000000	-60322.734932513209	8365.264506382951	-1.433000000000
59500.000000000000	44000.000000000000	-58919.541613610127	8290.815161494376	-1.431000000000
58700.000000000000	45000.000000000000	-58175.375564668364	7830.432804755264	-1.437000000000
57500.000000000000	46000.000000000000	-56954.963195722652	7898.238244942851	-1.433000000000
56200.000000000000	47000.000000000000	-55674.977601402890	7663.998243951147	-1.434000000000
55300.000000000000	48000.000000000000	-54805.762669951626	7376.881330544567	-1.437000000000
54200.000000000000	49000.000000000000	-53729.946639634960	7122.698512641086	-1.439000000000
53100.000000000000	50000.000000000000	-52589.350211440331	7346.444333041727	-1.432000000000
52300.000000000000	51000.000000000000	-51797.043616917683	7235.763439135260	-1.432000000000
51400.000000000000	52000.000000000000	-50905.698698079715	7111.247433490485	-1.432000000000
50400.000000000000	53000.000000000000	-49936.009493745638	6823.119216351546	-1.435000000000
49500.000000000000	54000.000000000000	-49057.599496611314	6603.175874538085	-1.437000000000
48700.000000000000	55000.000000000000	-48231.663941565799	6737.699416556160	-1.432000000000
48100.000000000000	56000.000000000000	-47663.671580711205	6464.086280836852	-1.436000000000
46900.000000000000	57000.000000000000	-46493.256409573427	6163.368270163597	-1.439000000000
46700.000000000000	58000.000000000000	-46276.371368382810	6275.942397402931	-1.436000000000
46900.000000000000	59000.000000000000	-46499.396530190097	6116.871939819026	-1.440000000000
44800.000000000000	60000.000000000000	-44520.326892881851	4998.048954436210	-1.459000000000
43400.000000000000	61000.000000000000	-42958.271202319353	6176.320531512275	-1.428000000000
43200.000000000000	62000.000000000000	-42813.905015224416	5762.771672324146	-1.437000000000
43400.000000000000	63000.000000000000	-42840.144384001105	6948.527121479677	-1.410000000000
42500.000000000000	64000.000000000000	-42136.979798146676	5543.007621371185	-1.440000000000
41900.000000000000	65000.000000000000	-41584.493009813144	5132.245231553349	-1.448000000000
41500.000000000000	66000.000000000000	-41150.913460206517	5371.435691748936	-1.441000000000
40700.000000000000	67000.000000000000	-40319.779152617397	5550.262073466400	-1.434000000000
40200.000000000000	68000.000000000000	-39887.366189996086	5003.800398213035	-1.446000000000
39800.000000000000	69000.000000000000	-39480.489977173907	5032.982332799364	-1.444000000000
39100.000000000000	70000.000000000000	-38729.374973091406	5370.802006561139	-1.433000000000
38800.000000000000	71000.000000000000	-38463.504236491448	5098.905946318711	-1.439000000000
38200.000000000000	72000.000000000000	-37878.672148912985	4944.309480115888	-1.441000000000
37800.000000000000	73000.000000000000	-37425.952380745322	5304.534701006649	-1.430000000000
37200.000000000000	74000.000000000000	-36882.250552730737	4851.761965059014	-1.440000000000
36400.000000000000	75000.000000000000	-36093.813251843785	4711.331546497862	-1.441000000000
36400.000000000000	76000.000000000000	-36098.506535699940	4675.235383596081	-1.442000000000
35800.000000000000	77000.000000000000	-35508.056626749501	4562.665294709968	-1.443000000000
35600.000000000000	78000.000000000000	-35349.091591255841	4219.208891842823	-1.452000000000
35400.000000000000	79000.000000000000	-35106.789323180710	4546.794851079705	-1.442000000000
34600.000000000000	80000.000000000000	-34262.456131611936	4821.213522482444	-1.431000000000
34400.000000000000	81000.000000000000	-34097.125820303307	4554.778896324745	-1.438000000000
33700.000000000000	82000.000000000000	-33446.239007892669	4127.844016786345	-1.448000000000
33600.000000000000	83000.000000000000	-33342.859739839085	4148.940150136904	-1.447000000000
33000.000000000000	84000.000000000000	-32730.890186668534	4205.808791213100	-1.443000000000
32500.000000000000	85000.000000000000	-32213.854336042372	4303.206806120762	-1.438000000000
32500.000000000000	86000.000000000000	-32230.809406874945	4174.317306782215	-1.442000000000
32000.000000000000	87000.000000000000	-31755.104514132457	3951.371571558956	-1.447000000000
31600.000000000000	88000.000000000000	-31313.347649698004	4246.676226079928	-1.436000000000
31200.000000000000	89000.000000000000	-30961.226901279148	3852.587282269982	-1.447000000000
31200.000000000000	90000.000000000000	-30957.358834026814	3883.546577717580	-1.446000000000
30800.000000000000	91000.000000000000	-30548.830840890634	3925.421538465559	-1.443000000000
30400.000000000000	92000.000000000000	-30171.088007119797	3723.633771819137	-1.448000000000
30200.000000000000	93000.000000000000	-29972.594007072956	3699.136181215063	-1.448000000000
30000.000000000000	94000.000000000000	-29777.759757955522	3644.862658247168	-1.449000000000
29600.000000000000	95000.000000000000	-29398.336950436158	3449.316533549793	-1.454000000000
29400.000000000000	96000.000000000000	-29199.699538608889	3426.010340755538	-1.454000000000
29100.000000000000	97000.000000000000	-28901.743420867981	3391.051051564154	-1.454000000000
28800.000000000000	98000.000000000000	-28620.210145424047	3213.031470708992	-1.459000000000
28400.000000000000	99000.000000000000	-28219.524709879617	3196.627151935883	-1.458000000000
28000.000000000000	100000.000000000000	-27812.486617647704	3235.056126741442	-1.455000000000
27800.000000000000	101000.000000000000	-27623.337568121595	3129.092775486533	-1.458000000000
27400.000000000000	102000.000000000000	-27225.879473616249	3084.069857853633	-1.458000000000
27100.000000000000	103000.000000000000	-26924.722136684166	3077.228925892521	-1.457000000000
26900.000000000000	104000.000000000000	-26729.056855484567	3027.791210812509	-1.458000000000
26700.000000000000	105000.000000000000	-26521.192596114062	3084.857092285589	-1.455000000000
26300.000000000000	106000.000000000000	-26123.871358719094	3038.642004760712	-1.455000000000
26000.000000000000	107000.000000000000	-25797.799028355679	3236.288814764649	-1.446000000000
26000.000000000000	108000.000000000000	-25825.880430672871	3003.980689117053	-1.455000000000
25900.000000000000	109000.000000000000	-25723.544831631640	3018.151966856069	-1.454000000000
25600.000000000000	110000.000000000000	-25425.588713890731	2983.192677664686	-1.454000000000
25400.000000000000	111000.000000000000	-25226.951302063462	2959.886484870430	-1.454000000000
25200.000000000000	112000.000000000000	-25019.391535246534	3011.651906518116	-1.451000000000
25000.000000000000	113000.000000000000	-24829.676478408917	2913.274099281919	-1.454000000000
24700.000000000000	114000.000000000000	-24531.720360668012	2878.314810090536	-1.454000000000
24500.000000000000	115000.000000000000	-24321.468280420919	2952.317849500482	-1.450000000000
24400.000000000000	116000.000000000000	-24247.678039873153	2722.151662684007	-1.459000000000
24000.000000000000	117000.000000000000	-23839.274243698033	2772.905251492664	-1.455000000000
23900.000000000000	118000.000000000000	-23725.840485798366	2880.016187880062	-1.450000000000
23900.000000000000	119000.000000000000	-23753.453885538311	2642.617737699663	-1.460000000000
23700.000000000000	120000.000000000000	-23554.680212855983	2620.503781735649	-1.460000000000
23400.000000000000	121000.000000000000	-23220.920175959360	2889.440461702487	-1.447000000000
23500.000000000000	122000.000000000000	-23317.241429475325	2925.107197960356	-1.446000000000
23100.000000000000	123000.000000000000	-22950.593408022294	2623.025394395470	-1.457000000000
23400.000000000000	124000.000000000000	-23184.575836381904	3167.876779020361	-1.435000000000
22500.000000000000	125000.000000000000	-22341.420247282484	2666.634833327627	-1.452000000000
22400.000000000000	126000.000000000000	-22267.560337966595	2432.232841447762	-1.462000000000
22200.000000000000	127000.000000000000	-22046.154701482683	2609.034855706785	-1.453000000000
22200.000000000000	128000.000000000000	-22038.228401034463	2675.161479955539	-1.450000000000
22100.000000000000	129000.000000000000	-21957.061225856829	2509.474511521207	-1.457000000000
21800.000000000000	130000.000000000000	-21656.515332873216	2497.067006915785	-1.456000000000
21900.000000000000	131000.000000000000	-21748.233692003188	2573.777627926964	-1.453000000000
21700.000000000000	132000.000000000000	-21549.619685683523	2550.272809407083	-1.453000000000
21400.000000000000	133000.000000000000	-21251.698676204029	2515.015581627261	-1.453000000000
21300.000000000000	134000.000000000000	-21157.355891282004	2460.953410699740	-1.455000000000
21100.000000000000	135000.000000000000	-20956.246947777126	2458.803339793940	-1.454000000000
21000.000000000000	136000.000000000000	-20856.928241863490	2447.150243396813	-1.454000000000
20800.000000000000	137000.000000000000	-20665.469389041722	2361.858363784666	-1.457000000000
20700.000000000000	138000.000000000000	-20556.549654085204	2432.748716807678	-1.453000000000
20500.000000000000	139000.000000000000	-20360.334712295313	2388.884761411174	-1.454000000000
20400.000000000000	140000.000000000000	-20265.729944523558	2336.704905554221	-1.456000000000
20200.000000000000	141000.000000000000	-20062.378594554408	2353.925472219791	-1.454000000000
20100.000000000000	142000.000000000000	-19963.059888640771	2342.272375822663	-1.454000000000
20000.000000000000	143000.000000000000	-19863.741182727135	2330.619279425536	-1.454000000000
19900.000000000000	144000.000000000000	-19762.093628806549	2338.729442728154	-1.453000000000
19800.000000000000	145000.000000000000	-19662.786625646717	2326.977033468213	-1.453000000000
19600.000000000000	146000.000000000000	-19466.466359072590	2284.006893837025	-1.454000000000
19500.000000000000	147000.000000000000	-19367.147653158958	2272.353797439897	-1.454000000000
19400.000000000000	148000.000000000000	-19267.828947245322	2260.700701042770	-1.454000000000
19200.000000000000	149000.000000000000	-19066.944606687728	2256.462577908571	-1.453000000000
19100.000000000000	150000.000000000000	-18967.637603527895	2244.710168648630	-1.453000000000
19000.000000000000	151000.000000000000	-18868.330600368063	2232.957759388690	-1.453000000000
18900.000000000000	152000.000000000000	-18771.235417677144	2202.435219057131	-1.454000000000
18800.000000000000	153000.000000000000	-18667.497806618252	2228.121549624861	-1.452000000000
18700.000000000000	154000.000000000000	-18568.202605519218	2216.269839254517	-1.452000000000
18500.000000000000	155000.000000000000	-18373.960594022599	2155.822833468620	-1.454000000000
18400.000000000000	156000.000000000000	-18274.641888108963	2144.169737071493	-1.454000000000
18300.000000000000	157000.000000000000	-18177.446610819752	2114.340254263157	-1.455000000000
18200.000000000000	158000.000000000000	-18071.726600024052	2157.011287402792	-1.452000000000
18100.000000000000	159000.000000000000	-17974.567571929576	2127.186076049225	-1.453000000000
18000.000000000000	160000.000000000000	-17875.260568769743	2115.433666789285	-1.453000000000
17900.000000000000	161000.000000000000	-17775.953565609911	2103.681257529345	-1.453000000000
17800.000000000000	162000.000000000000	-17678.729652627149	2074.251158688727	-1.454000000000
17700.000000000000	163000.000000000000	-17577.339559290249	2080.176439009464	-1.453000000000
17600.000000000000	164000.000000000000	-17478.032556130416	2068.424029749523	-1.453000000000
17500.000000000000	165000.000000000000	-17376.660192330819	2074.049314810376	-1.452000000000
17400.000000000000	166000.000000000000	-17279.418549810751	2044.919211229642	-1.453000000000
17300.000000000000	167000.000000000000	-17180.111546650922	2033.166801969702	-1.453000000000
17200.000000000000	168000.000000000000	-17078.774589033721	2038.494183699341	-1.452000000000
17100.000000000000	169000.000000000000	-16983.498711231699	1992.679483908833	-1.454000000000
17000.000000000000	170000.000000000000	-16882.190537171424	1997.909574189880	-1.453000000000
16900.000000000000	171000.000000000000	-16782.883534011591	1986.157164929940	-1.453000000000
16800.000000000000	172000.000000000000	-16685.542593490794	1957.720194717450	-1.454000000000
16700.000000000000	173000.000000000000	-16584.269527691929	1962.652346410059	-1.453000000000
16600.000000000000	174000.000000000000	-16486.905181663522	1934.414001923195	-1.454000000000
16500.000000000000	175000.000000000000	-16385.655521372264	1939.147527890178	-1.453000000000
16400.000000000000	176000.000000000000	-16288.267769836251	1911.107809128939	-1.454000000000
16300.000000000000	177000.000000000000	-16185.117779142422	1931.828790366236	-1.452000000000
16300.000000000000	178000.000000000000	-16185.117779142422	1931.828790366236	-1.452000000000
16100.000000000000	179000.000000000000	-15986.527376944354	1908.125369625546	-1.452000000000
16100.000000000000	180000.000000000000	-15984.611258629729	1924.110940275463	-1.451000000000
16000.000000000000	181000.000000000000	-15892.849495798690	1848.603500995110	-1.455000000000
15900.000000000000	182000.000000000000	-15784.136557497657	1915.994032941129	-1.450000000000
15800.000000000000	183000.000000000000	-15686.761359400603	1888.257941388342	-1.451000000000
15800.000000000000	184000.000000000000	-15692.355534354436	1841.189230746173	-1.454000000000
15700.000000000000	185000.000000000000	-15587.478059657562	1876.306941759302	-1.451000000000
15600.000000000000	186000.000000000000	-15490.051371449188	1848.866817773821	-1.452000000000
15500.000000000000	187000.000000000000	-15392.585489773946	1821.623435290773	-1.453000000000
15400.000000000000	188000.000000000000	-15293.278486614114	1809.871026030833	-1.453000000000
15300.000000000000	189000.000000000000	-15195.762004786258	1782.923748760535	-1.454000000000
15300.000000000000	190000.000000000000	-15195.762004786258	1782.923748760535	-1.454000000000
15200.000000000000	191000.000000000000	-15094.664480294450	1786.366207510952	-1.453000000000
15100.000000000000	192000.000000000000	-14995.357477134617	1774.613798251012	-1.453000000000
15100.000000000000	193000.000000000000	-14989.966164667587	1819.591817447236	-1.450000000000
15000.000000000000	194000.000000000000	-14894.280164854988	1777.756555551751	-1.452000000000
14900.000000000000	195000.000000000000	-14789.620679784577	1810.281786929427	-1.449000000000
14800.000000000000	196000.000000000000	-14695.689762656923	1754.053134811061	-1.452000000000
14800.000000000000	197000.000000000000	-14695.689762656923	1754.053134811061	-1.452000000000
14700.000000000000	198000.000000000000	-14598.129464495290	1727.604161211249	-1.453000000000
14600.000000000000	199000.000000000000	-14497.099360458857	1730.349714070371	-1.452000000000
14600.000000000000	200000.000000000000	-14497.099360458857	1730.349714070371	-1.452000000000
14500.000000000000	201000.000000000000	-14397.804159359823	1718.498003700026	-1.452000000000
14400.000000000000	202000.000000000000	-14296.795162998018	1720.943946581780	-1.451000000000
14300.000000000000	203000.000000000000	-14199.213757161757	1694.794582959336	-1.452000000000
14300.000000000000	204000.000000000000	-14200.901451855963	1680.594524171488	-1.453000000000
14200.000000000000	205000.000000000000	-14098.228563511935	1697.041947323700	-1.451000000000
14100.000000000000	206000.000000000000	-14000.623354963689	1671.091162218646	-1.452000000000
14100.000000000000	207000.000000000000	-13998.945263768894	1685.090947694660	-1.451000000000
14000.000000000000	208000.000000000000	-13899.661964025852	1673.139948065620	-1.451000000000
14000.000000000000	209000.000000000000	-13901.328153864657	1659.239451848301	-1.452000000000
13900.000000000000	210000.000000000000	-13802.032952765623	1647.387741477956	-1.452000000000
13800.000000000000	211000.000000000000	-13702.737751666589	1635.536031107611	-1.452000000000
13800.000000000000	212000.000000000000	-13701.095364539768	1649.237948807539	-1.451000000000
13700.000000000000	213000.000000000000	-13601.812064796726	1637.286949178499	-1.451000000000
13700.000000000000	214000.000000000000	-13601.812064796726	1637.286949178499	-1.451000000000
13500.000000000000	215000.000000000000	-13404.852148369489	1599.980899996576	-1.452000000000
13500.000000000000	216000.000000000000	-13403.245465310643	1613.384949920419	-1.451000000000
13500.000000000000	217000.000000000000	-13401.625379007444	1626.787386459449	-1.450000000000
13400.000000000000	218000.000000000000	-13303.962165567600	1601.433950291379	-1.451000000000
13400.000000000000	219000.000000000000	-13302.354079903685	1614.737109522713	-1.450000000000
13300.000000000000	220000.000000000000	-13196.566426043482	1655.486201398840	-1.446000000000
13200.000000000000	221000.000000000000	-13105.395566081517	1577.531951033299	-1.451000000000
13200.000000000000	222000.000000000000	-13103.811481696168	1590.636555649239	-1.450000000000
13100.000000000000	223000.000000000000	-13004.540182592409	1578.586278712503	-1.450000000000
13100.000000000000	224000.000000000000	-13006.112266338476	1565.580951404258	-1.451000000000
13000.000000000000	225000.000000000000	-12905.268883488650	1566.536001775766	-1.450000000000
12900.000000000000	226000.000000000000	-12807.545666852391	1541.678952146178	-1.451000000000
12900.000000000000	227000.000000000000	-12805.997584384892	1554.485724839029	-1.450000000000
12800.000000000000	228000.000000000000	-12708.262367109350	1529.727952517138	-1.451000000000
12800.000000000000	229000.000000000000	-12708.262367109350	1529.727952517138	-1.451000000000
12700.000000000000	230000.000000000000	-12605.918297534505	1542.991858657968	-1.449000000000
12700.000000000000	231000.000000000000	-12608.979067366308	1517.776952888098	-1.451000000000
12600.000000000000	232000.000000000000	-12508.183687073615	1518.334894028819	-1.450000000000
12600.000000000000	233000.000000000000	-12508.183687073615	1518.334894028819	-1.450000000000
12500.000000000000	234000.000000000000	-12407.399899148135	1518.692774269653	-1.449000000000
12500.000000000000	235000.000000000000	-12407.399899148135	1518.692774269653	-1.449000000000
12400.000000000000	236000.000000000000	-12308.140699954949	1506.543232075496	-1.449000000000
12300.000000000000	237000.000000000000	-12208.881500761765	1494.393689881339	-1.449000000000
12300.000000000000	238000.000000000000	-12208.881500761765	1494.393689881339	-1.449000000000
12300.000000000000	239000.000000000000	-12208.881500761765	1494.393689881339	-1.449000000000
12200.000000000000	240000.000000000000	-12108.134002857287	1494.353026848469	-1.448000000000
12200.000000000000	241000.000000000000	-12109.622301568579	1482.244147687182	-1.449000000000
12100.000000000000	242000.000000000000	-12013.279268908058	1446.070955113857	-1.451000000000
12100.000000000000	243000.000000000000	-12007.398894406337	1494.112375495730	-1.447000000000
12000.000000000000	244000.000000000000	-11912.555892451062	1446.033232408399	-1.450000000000
12000.000000000000	245000.000000000000	-11909.640002810445	1469.855436244396	-1.448000000000
11900.000000000000	246000.000000000000	-11810.393002787026	1457.606640942359	-1.448000000000
11900.000000000000	247000.000000000000	-11810.393002787026	1457.606640942359	-1.448000000000
11800.000000000000	248000.000000000000	-11711.146002763606	1445.357845640323	-1.448000000000
11800.000000000000	249000.000000000000	-11712.585504795839	1433.645978910553	-1.449000000000
11700.000000000000	250000.000000000000	-11611.899002740185	1433.109050338286	-1.448000000000
11700.000000000000	251000.000000000000	-11611.899002740185	1433.109050338286	-1.448000000000
11700.000000000000	252000.000000000000	-11613.326305602654	1421.496436716395	-1.449000000000
11600.000000000000	253000.000000000000	-11512.652002716764	1420.860255036249	-1.448000000000
11600.000000000000	254000.000000000000	-11511.225386373017	1432.372194690121	-1.447000000000
11500.000000000000	255000.000000000000	-11411.990684766351	1420.024158529000	-1.447000000000
11500.000000000000	256000.000000000000	-11410.564954849628	1431.435437299749	-1.446000000000
11400.000000000000	257000.000000000000	-11314.158002669923	1396.362664432176	-1.448000000000
11400.000000000000	258000.000000000000	-11311.342650894414	1418.988172627577	-1.446000000000
11400.000000000000	259000.000000000000	-11311.342650894414	1418.988172627577	-1.446000000000
11300.000000000000	260000.000000000000	-11210.708200205961	1417.752323163262	-1.445000000000
11300.000000000000	261000.000000000000	-11212.120346939198	1406.540907955405	-1.446000000000
11200.000000000000	262000.000000000000	-11112.898042983985	1394.093643283234	-1.446000000000
11200.000000000000	263000.000000000000	-11112.898042983985	1394.093643283234	-1.446000000000
11200.000000000000	264000.000000000000	-11112.898042983985	1394.093643283234	-1.446000000000
11100.000000000000	265000.000000000000	-11012.288586043023	1392.659361691345	-1.445000000000
11100.000000000000	266000.000000000000	-11012.288586043023	1392.659361691345	-1.445000000000
11000.000000000000	267000.000000000000	-10911.693209771684	1391.025267859121	-1.444000000000
10980.000000000000	268000.000000000000	-10893.236817545261	1377.603584808196	-1.445000000000
10950.000000000000	269000.000000000000	-10864.842283095950	1362.975481602804	-1.446000000000
10910.000000000000	270000.000000000000	-10825.153361513863	1357.996575733936	-1.446000000000
10860.000000000000	271000.000000000000	-10774.185049047499	1362.547807925046	-1.445000000000
10840.000000000000	272000.000000000000	-10755.697748745215	1349.283490463415	-1.446000000000
10800.000000000000	273000.000000000000	-10713.298787775833	1365.733899352591	-1.444000000000
10770.000000000000	274000.000000000000	-10683.539624476456	1361.940194076612	-1.444000000000
10720.000000000000	275000.000000000000	-10635.291319133443	1344.982734894705	-1.445000000000
10670.000000000000	276000.000000000000	-10585.686415592709	1338.709494526726	-1.445000000000
10660.000000000000	277000.000000000000	-10575.765434884561	1337.454846453130	-1.445000000000
10620.000000000000	278000.000000000000	-10537.408680043743	1321.899508184638	-1.446000000000
10570.000000000000	279000.000000000000	-10485.145202480608	1336.648825570082	-1.444000000000
10530.000000000000	280000.000000000000	-10446.792685678653	1321.144421496384	-1.445000000000
10440.000000000000	281000.000000000000	-10348.081208254842	1382.322432489254	-1.438000000000
10450.000000000000	282000.000000000000	-10364.781892445037	1331.839450550815	-1.443000000000
10430.000000000000	283000.000000000000	-10346.269107083514	1318.944867615512	-1.444000000000
10390.000000000000	284000.000000000000	-10306.590222684345	1313.886593914206	-1.444000000000
10360.000000000000	285000.000000000000	-10274.190321699212	1330.643916869654	-1.442000000000
10340.000000000000	286000.000000000000	-10256.991617185382	1307.563751787573	-1.444000000000
10300.000000000000	287000.000000000000	-10217.312732786213	1302.505478086267	-1.444000000000
10260.000000000000	288000.000000000000	-10176.331312582399	1307.624187813527	-1.443000000000
10220.000000000000	289000.000000000000	-10136.657506295529	1302.526237763572	-1.443000000000
10190.000000000000	290000.000000000000	-10106.902151580374	1298.702775226106	-1.443000000000
10160.000000000000	291000.000000000000	-10078.436637389119	1284.801520131697	-1.444000000000
10130.000000000000	292000.000000000000	-10047.391442150069	1291.055850151173	-1.443000000000
10090.000000000000	293000.000000000000	-10008.998589690571	1275.949541154411	-1.444000000000
10070.000000000000	294000.000000000000	-9987.880732719763	1283.408925076240	-1.443000000000
10030.000000000000	295000.000000000000	-9948.206926432891	1278.310975026284	-1.443000000000
10010.000000000000	296000.000000000000	-9927.089297317483	1285.689730488922	-1.442000000000
9970.000000000000	297000.000000000000	-9888.696217002585	1270.664049951352	-1.443000000000
9920.000000000000	298000.000000000000	-9837.834748190753	1274.130082562448	-1.442000000000
9900.000000000000	298999.999999999999	-9818.000403940368	1271.561271912121	-1.442000000000
9860.000000000000	299999.999999999999	-9778.331715439599	1266.423650611466	-1.442000000000
9830.000000000000	300999.999999999999	-9747.312754550121	1272.318381925109	-1.441000000000
9810.000000000000	301999.999999999999	-9727.480989027130	1269.729738218243	-1.441000000000
9770.000000000000	302999.999999999999	-9687.817457981148	1264.552450804508	-1.441000000000
9740.000000000000	303999.999999999999	-9659.325649937291	1251.010786709501	-1.442000000000
9700.000000000000	304999.999999999999	-9618.406278650680	1255.492197830474	-1.441000000000
9680.000000000000	305999.999999999999	-9598.574513127689	1252.903554123607	-1.441000000000
9650.000000000000	306999.999999999999	-9568.826864843202	1249.020588563307	-1.441000000000
9620.000000000000	307999.999999999999	-9539.079216558715	1245.137623003006	-1.441000000000
9590.000000000000	308999.999999999999	-9510.568068059407	1231.744706832044	-1.442000000000
9560.000000000000	309999.999999999999	-9478.341808712523	1246.850655536671	-1.440000000000
9530.000000000000	310999.999999999999	-9449.836271705255	1233.488726322105	-1.441000000000
9500.000000000000	311999.999999999999	-9420.088623420768	1229.605760761805	-1.441000000000
9470.000000000000	312999.999999999999	-9387.870750504486	1244.501013186552	-1.439000000000
9440.000000000000	313999.999999999999	-9358.130927641218	1240.558560135274	-1.439000000000
9420.000000000000	314999.999999999999	-9338.304379065707	1237.930258101089	-1.439000000000
9380.000000000000	315999.999999999999	-9299.879306038019	1223.374387963805	-1.440000000000
9350.000000000000	316999.999999999999	-9270.135555592267	1219.461676701661	-1.440000000000
9330.000000000000	317999.999999999999	-9249.084910475907	1226.102898947257	-1.439000000000
9300.000000000000	318999.999999999999	-9220.562638182684	1212.940491264754	-1.440000000000
9280.000000000000	319999.999999999999	-9200.733471218849	1210.332017089991	-1.440000000000
9240.000000000000	320999.999999999999	-9162.275671621885	1195.953392572534	-1.441000000000
9210.000000000000	321999.999999999999	-9130.125619022841	1210.333086742148	-1.439000000000
9190.000000000000	322999.999999999999	-9111.502219881599	1198.593883303558	-1.440000000000
9170.000000000000	323999.999999999999	-9089.262900354110	1214.166351142381	-1.438000000000
9140.000000000000	324999.999999999999	-9060.732699008553	1201.134029622501	-1.439000000000
9120.000000000000	325999.999999999999	-9040.906150433042	1198.505727588316	-1.439000000000
9090.000000000000	326999.999999999999	-9009.967258911543	1203.573842081161	-1.438000000000
9060.000000000000	327999.999999999999	-8981.426504706509	1190.620821485761	-1.439000000000
9030.000000000000	328999.999999999999	-8950.495527829618	1195.629460285245	-1.438000000000
9000.000000000000	329999.999999999999	-8920.759662288656	1191.657269387288	-1.438000000000
8990.000000000000	330999.999999999999	-8910.847707108336	1190.333205754635	-1.438000000000
8950.000000000000	331999.999999999999	-8871.199886387052	1185.036951224025	-1.438000000000
8930.000000000000	332999.999999999999	-8851.375976026411	1182.388823958720	-1.438000000000
8900.000000000000	333999.999999999999	-8821.640110485449	1178.416633060762	-1.438000000000
8870.000000000000	334999.999999999999	-8791.904244944488	1174.444442162805	-1.438000000000
8850.000000000000	335999.999999999999	-8770.904152424448	1180.567807871961	-1.437000000000
8830.000000000000	336999.999999999999	-8752.256424223204	1169.148187632195	-1.438000000000
8800.000000000000	337999.999999999999	-8721.351021619788	1173.897933251215	-1.437000000000
8770.000000000000	338999.999999999999	-8691.619143136993	1169.896008478768	-1.437000000000
8760.000000000000	339999.999999999999	-8680.535614283372	1177.243156343676	-1.436000000000
8720.000000000000	340999.999999999999	-8643.224917239677	1154.583487673017	-1.438000000000
8710.000000000000	341999.999999999999	-8630.989178128786	1170.523731935322	-1.436000000000
8680.000000000000	342999.999999999999	-8601.261316436034	1166.492077290309	-1.436000000000
8660.000000000000	343999.999999999999	-8581.442741974201	1163.804307526967	-1.436000000000
8630.000000000000	344999.999999999999	-8552.870376883951	1151.220359540680	-1.437000000000
8600.000000000000	345999.999999999999	-8523.138498401157	1147.218434768233	-1.437000000000
8580.000000000000	346999.999999999999	-8502.168444126863	1153.053228473601	-1.436000000000
8560.000000000000	347999.999999999999	-8481.195263223466	1158.847231983517	-1.435000000000
8540.000000000000	348999.999999999999	-8463.674741435569	1139.214585223338	-1.437000000000
8510.000000000000	349999.999999999999	-8433.942862952774	1135.212660450891	-1.437000000000
8490.000000000000	350999.999999999999	-8411.839694482152	1149.370677516362	-1.435000000000
8460.000000000000	351999.999999999999	-8380.966379143567	1153.690838858126	-1.434000000000
8450.000000000000	352999.999999999999	-8372.207940915687	1143.955503535130	-1.435000000000
8410.000000000000	353999.999999999999	-8333.710561201273	1130.207185485196	-1.436000000000
8400.000000000000	354999.999999999999	-8321.526901277301	1145.508634327218	-1.434000000000
8380.000000000000	355999.999999999999	-8301.713741988546	1142.781232816915	-1.434000000000
8350.000000000000	356999.999999999999	-8271.994003055412	1138.690130551460	-1.434000000000
8320.000000000000	357999.999999999999	-8243.404741824677	1126.356188096128	-1.435000000000
8300.000000000000	358999.999999999999	-8222.461104833523	1131.871626775703	-1.434000000000
8280.000000000000	359999.999999999999	-8201.514700184061	1137.346307271771	-1.433000000000
8260.000000000000	360999.999999999999	-8182.834786256012	1126.416823755097	-1.434000000000
8250.000000000000	361999.999999999999	-8174.049173083363	1116.879633628973	-1.435000000000
8220.000000000000	362999.999999999999	-8140.950258720141	1137.246184888945	-1.432000000000
8190.000000000000	363999.999999999999	-8113.488728745368	1116.870918469037	-1.434000000000
8170.000000000000	364999.999999999999	-8091.431096562476	1130.328629019791	-1.432000000000
8150.000000000000	365999.999999999999	-8072.746957306776	1119.489420804943	-1.433000000000
8130.000000000000	366999.999999999999	-8052.936535325655	1116.742207502354	-1.433000000000
8120.000000000000	367999.999999999999	-8041.911934404811	1123.411073150637	-1.432000000000
8090.000000000000	368999.999999999999	-8012.200437110212	1119.260539629144	-1.432000000000
8060.000000000000	369999.999999999999	-7982.488939815613	1115.110006107652	-1.432000000000
8040.000000000000	370999.999999999999	-7961.564950813872	1120.305107536383	-1.431000000000
8040.000000000000	371999.999999999999	-7963.789636410611	1104.379747640705	-1.433000000000
8010.000000000000	372999.999999999999	-7931.857618907850	1116.124864597814	-1.431000000000
7980.000000000000	373999.999999999999	-7903.258280363349	1104.041916717005	-1.432000000000
7960.000000000000	374999.999999999999	-7882.345399064480	1109.157793033533	-1.431000000000
7950.000000000000	375999.999999999999	-7872.442955095807	1107.764378720677	-1.431000000000
7920.000000000000	376999.999999999999	-7842.735623189785	1103.584135782108	-1.431000000000
7910.000000000000	377999.999999999999	-7832.833179221111	1102.190721469252	-1.431000000000
7890.000000000000	378999.999999999999	-7813.028291283763	1099.403892843540	-1.431000000000
7860.000000000000	379999.999999999999	-7784.412291184953	1087.439782631035	-1.432000000000
7840.000000000000	380999.999999999999	-7763.516071440393	1092.436821279259	-1.431000000000
7820.000000000000	381999.999999999999	-7743.711183503045	1089.649992653547	-1.431000000000
7810.000000000000	382999.999999999999	-7732.716616233358	1095.989841663014	-1.430000000000
7790.000000000000	383999.999999999999	-7712.914525026615	1093.183209546079	-1.430000000000
7760.000000000000	384999.999999999999	-7683.211388216499	1088.973261370677	-1.430000000000
7750.000000000000	385999.999999999999	-7673.310342613127	1087.569945312210	-1.430000000000
7730.000000000000	386999.999999999999	-7653.508251406384	1084.763313195275	-1.430000000000
7700.000000000000	387999.999999999999	-7624.881855878957	1072.929020899272	-1.431000000000
7690.000000000000	388999.999999999999	-7612.821112172077	1086.763412186434	-1.429000000000
7670.000000000000	389999.999999999999	-7593.021837498027	1083.936979384909	-1.429000000000
7650.000000000000	390999.999999999999	-7574.299886579410	1073.536784727536	-1.430000000000
7630.000000000000	391999.999999999999	-7554.497795372667	1070.730152610601	-1.430000000000
7620.000000000000	392999.999999999999	-7543.523650812903	1076.870897381096	-1.429000000000
7590.000000000000	393999.999999999999	-7514.893612959179	1065.116888376732	-1.430000000000
7580.000000000000	394999.999999999999	-7502.850131649324	1078.721420019886	-1.428000000000
7560.000000000000	395999.999999999999	-7484.125826790754	1068.391598976520	-1.429000000000
7530.000000000000	396999.999999999999	-7454.426914779679	1064.151949774233	-1.429000000000
7530.000000000000	397999.999999999999	-7453.359035794118	1071.605843370678	-1.428000000000
7500.000000000000	398999.999999999999	-7423.664378280993	1067.336497381154	-1.428000000000
7480.000000000000	399999.999999999999	-7403.867939938911	1064.490266721471	-1.428000000000
7470.000000000000	400999.999999999999	-7393.969720767869	1063.067151391629	-1.428000000000
7450.000000000000	401999.999999999999	-7374.173282425787	1060.220920731946	-1.428000000000
7430.000000000000	402999.999999999999	-7354.376844083704	1057.374690072263	-1.428000000000
7420.000000000000	403999.999999999999	-7344.478624912663	1055.951574742421	-1.428000000000
7400.000000000000	404999.999999999999	-7323.625419061227	1060.429498495899	-1.427000000000
7380.000000000000	405999.999999999999	-7302.770621635370	1064.866774662140	-1.426000000000
7360.000000000000	406999.999999999999	-7282.979915343675	1061.980956844627	-1.426000000000
7340.000000000000	407999.999999999999	-7263.189209051980	1059.095139027115	-1.426000000000
7320.000000000000	408999.999999999999	-7243.398502760286	1056.209321209602	-1.426000000000
7300.000000000000	409999.999999999999	-7223.607796468591	1053.323503392089	-1.426000000000
7290.000000000000	410999.999999999999	-7213.712443322744	1051.880594483333	-1.426000000000
7280.000000000000	411999.999999999999	-7203.817090176896	1050.437685574577	-1.426000000000
7260.000000000000	412999.999999999999	-7184.026383885202	1047.551867757064	-1.426000000000
7240.000000000000	413999.999999999999	-7163.187429600138	1051.829762090124	-1.425000000000
7230.000000000000	414999.999999999999	-7154.340324447659	1043.223141030795	-1.426000000000
7210.000000000000	415999.999999999999	-7133.505713731629	1047.471351473728	-1.425000000000
7200.000000000000	416999.999999999999	-7123.611808442127	1046.018547934930	-1.425000000000
7180.000000000000	417999.999999999999	-7102.777333184412	1050.216242114799	-1.424000000000
7160.000000000000	418999.999999999999	-7086.102432497079	1026.037190436573	-1.427000000000
7150.000000000000	419999.999999999999	-7074.142281994612	1038.754530240937	-1.425000000000
7130.000000000000	420999.999999999999	-7054.354471415606	1035.848923163340	-1.425000000000
7110.000000000000	421999.999999999999	-7034.566660836600	1032.943316085743	-1.425000000000
7100.000000000000	422999.999999999999	-7024.672755547097	1031.490512546944	-1.425000000000
7070.000000000000	423999.999999999999	-6993.960410252617	1034.126578238388	-1.424000000000
7070.000000000000	424999.999999999999	-6992.922786866819	1041.120020419734	-1.423000000000
7040.000000000000	425999.999999999999	-6963.249847177144	1036.702255127996	-1.423000000000
7030.000000000000	426999.999999999999	-6953.358867280586	1035.229666697416	-1.423000000000
7020.000000000000	427999.999999999999	-6943.467887384028	1033.757078266837	-1.423000000000
7010.000000000000	428999.999999999999	-6933.576907487469	1032.284489836257	-1.423000000000
6990.000000000000	429999.999999999999	-6914.820829938585	1022.425004510090	-1.424000000000
6970.000000000000	430999.999999999999	-6894.012987901236	1026.394136113939	-1.423000000000
6950.000000000000	431999.999999999999	-6873.204142204213	1030.322677410747	-1.422000000000
6940.000000000000	432999.999999999999	-6864.340048211560	1021.976370822200	-1.423000000000
6930.000000000000	433999.999999999999	-6853.425137478445	1027.357720065680	-1.422000000000
6910.000000000000	434999.999999999999	-6833.646132752678	1024.392762720613	-1.422000000000
6900.000000000000	435999.999999999999	-6824.776128625326	1016.086017099882	-1.423000000000
6870.000000000000	436999.999999999999	-6794.088123301143	1018.462848030479	-1.422000000000
6860.000000000000	437999.999999999999	-6784.198620938259	1016.980369357946	-1.422000000000
6850.000000000000	438999.999999999999	-6774.309118575376	1015.497890685412	-1.422000000000
6830.000000000000	439999.999999999999	-6753.514203820248	1019.286956062014	-1.421000000000
6820.000000000000	440999.999999999999	-6743.626188880540	1017.794588630006	-1.421000000000
6800.000000000000	441999.999999999999	-6723.850159001125	1014.809853765988	-1.421000000000
6790.000000000000	442999.999999999999	-6713.962144061417	1013.317486333979	-1.421000000000
6780.000000000000	443999.999999999999	-6704.074129121710	1011.825118901970	-1.421000000000
6760.000000000000	444999.999999999999	-6683.285916877626	1015.524176602996	-1.420000000000
6750.000000000000	445999.999999999999	-6674.410084302587	1007.348016605944	-1.421000000000
6730.000000000000	446999.999999999999	-6653.626363992073	1011.017412505646	-1.420000000000
6710.000000000000	447999.999999999999	-6632.841999073546	1014.646251324095	-1.419000000000
6700.000000000000	448999.999999999999	-6623.966811106522	1006.510648408295	-1.420000000000
6690.000000000000	449999.999999999999	-6614.080293478005	1005.008393709178	-1.420000000000
6670.000000000000	450999.999999999999	-6593.301957350307	1008.597689468213	-1.419000000000
6660.000000000000	451999.999999999999	-6582.406569830140	1013.668461311195	-1.418000000000
6640.000000000000	452999.999999999999	-6564.647705335419	997.497120213594	-1.420000000000
6630.000000000000	453999.999999999999	-6553.761915627067	1002.549127612332	-1.419000000000
6610.000000000000	454999.999999999999	-6534.988152449868	992.990356116243	-1.420000000000
6600.000000000000	455999.999999999999	-6524.106884334637	998.012706220421	-1.419000000000
6590.000000000000	456999.999999999999	-6513.222116393487	1003.014288294410	-1.418000000000
6580.000000000000	457999.999999999999	-6504.336863473016	994.988425292480	-1.419000000000
6560.000000000000	458999.999999999999	-6482.569946515923	1004.931285476048	-1.417000000000
6550.000000000000	459999.999999999999	-6473.688143001114	996.926189427676	-1.418000000000
6530.000000000000	460999.999999999999	-6453.921156304928	993.882139994309	-1.418000000000
6520.000000000000	461999.999999999999	-6443.042080988386	998.803655686560	-1.417000000000
6510.000000000000	462999.999999999999	-6434.154169608741	990.838090560942	-1.418000000000
6500.000000000000	463999.999999999999	-6423.278148224618	995.739840791815	-1.417000000000
6480.000000000000	464999.999999999999	-6403.514215460850	992.676025897071	-1.417000000000
6460.000000000000	465999.999999999999	-6382.757478776140	995.995465415002	-1.416000000000
6460.000000000000	466999.999999999999	-6383.750282697082	989.612211002327	-1.417000000000
6440.000000000000	467999.999999999999	-6363.986349933314	986.548396107583	-1.417000000000
6430.000000000000	468999.999999999999	-6354.104383551430	985.016488660211	-1.417000000000
6410.000000000000	469999.999999999999	-6333.355331107594	988.286522184236	-1.416000000000
6400.000000000000	470999.999999999999	-6324.458484405778	980.420766318095	-1.417000000000
6390.000000000000	471999.999999999999	-6313.594472040176	985.202944891930	-1.416000000000
6380.000000000000	472999.999999999999	-6302.727229657406	989.964377407126	-1.415000000000
6360.000000000000	473999.999999999999	-6283.953183439048	980.577578953470	-1.416000000000
6350.000000000000	474999.999999999999	-6274.072753905339	979.035790307317	-1.416000000000
6330.000000000000	475999.999999999999	-6253.332815631878	982.206035891396	-1.415000000000
6320.000000000000	476999.999999999999	-6243.453932826772	980.654367588250	-1.415000000000
6310.000000000000	477999.999999999999	-6234.551035770502	972.868635722704	-1.416000000000
6300.000000000000	478999.999999999999	-6223.696167216561	977.551030981958	-1.415000000000
6290.000000000000	479999.999999999999	-6212.838178303060	982.212690927948	-1.414000000000
6270.000000000000	480999.999999999999	-6194.059518801244	972.896026072520	-1.415000000000
6260.000000000000	481999.999999999999	-6183.206199710199	977.528051702536	-1.414000000000
6250.000000000000	482999.999999999999	-6173.328873512579	975.966505294066	-1.414000000000
6230.000000000000	483999.999999999999	-6153.574221117339	972.843412477125	-1.414000000000
6220.000000000000	484999.999999999999	-6142.722541367339	977.425076298731	-1.413000000000
6210.000000000000	485999.999999999999	-6133.819568722099	969.720319660184	-1.414000000000
6200.000000000000	486999.999999999999	-6122.971021941720	974.282230394234	-1.413000000000
6190.000000000000	487999.999999999999	-6114.064916326858	966.597226843243	-1.414000000000
6170.000000000000	488999.999999999999	-6093.343742803293	969.567961537487	-1.413000000000
6160.000000000000	489999.999999999999	-6083.467983090483	967.996538585239	-1.413000000000
6150.000000000000	490999.999999999999	-6072.622761627254	972.498223631585	-1.412000000000
6140.000000000000	491999.999999999999	-6063.716463664865	964.853692680741	-1.413000000000
6130.000000000000	492999.999999999999	-6052.874394922775	969.335627782377	-1.412000000000
6110.000000000000	493999.999999999999	-6033.126028218296	966.173031933169	-1.412000000000
6100.000000000000	494999.999999999999	-6024.213424813628	958.568000871746	-1.413000000000
6090.000000000000	495999.999999999999	-6013.377661513817	963.010436083960	-1.412000000000
6070.000000000000	496999.999999999999	-5993.629294809338	959.847840234752	-1.412000000000
6070.000000000000	497999.999999999999	-5992.666450314680	965.840988606742	-1.411000000000
6060.000000000000	498999.999999999999	-5982.793853197193	964.249817291080	-1.411000000000
6040.000000000000	499999.999999999999	-5963.048658962219	961.067474659757	-1.411000000000
6030.000000000000	500999.999999999999	-5954.132561400380	953.522648536335	-1.412000000000
6020.000000000000	501999.999999999999	-5943.303464727244	957.885132028433	-1.411000000000
6010.000000000000	502999.999999999999	-5933.430867609758	956.293960712771	-1.411000000000
6000.000000000000	503999.999999999999	-5923.558270492271	954.702789397109	-1.411000000000
5980.000000000000	504999.999999999999	-5903.813076257296	951.520446765786	-1.411000000000
5980.000000000000	505999.999999999999	-5902.858604062825	957.423783097891	-1.410000000000
5970.000000000000	506999.999999999999	-5893.940479139809	949.929275450124	-1.411000000000
5950.000000000000	507999.999999999999	-5872.290043914873	958.493422063116	-1.409000000000
5950.000000000000	508999.999999999999	-5873.245601032409	952.620653751246	-1.410000000000
5930.000000000000	509999.999999999999	-5853.503599012132	949.418567520149	-1.410000000000
5920.000000000000	510999.999999999999	-5842.681858819504	953.660682119941	-1.409000000000
5910.000000000000	511999.999999999999	-5832.812463787714	952.049768805549	-1.409000000000
5900.000000000000	512999.999999999999	-5822.943068755924	950.438855491157	-1.409000000000
5890.000000000000	513999.999999999999	-5813.073673724134	948.827942176766	-1.409000000000
5870.000000000000	514999.999999999999	-5792.386381035408	951.398976663069	-1.408000000000
5860.000000000000	515999.999999999999	-5783.465488628765	943.995202233590	-1.409000000000
5860.000000000000	516999.999999999999	-5782.518601851361	949.778194760747	-1.408000000000
5840.000000000000	517999.999999999999	-5762.783043483268	946.536630956103	-1.408000000000
5830.000000000000	518999.999999999999	-5752.915264299221	944.915849053781	-1.408000000000
5830.000000000000	519999.999999999999	-5752.915264299221	944.915849053781	-1.408000000000
5810.000000000000	520999.999999999999	-5733.179705931127	941.674285249137	-1.408000000000
5800.000000000000	521999.999999999999	-5723.311926747081	940.053503346815	-1.408000000000
5790.000000000000	522999.999999999999	-5713.444147563034	938.432721444492	-1.408000000000
5780.000000000000	523999.999999999999	-5702.636704807634	942.515046554022	-1.407000000000
5770.000000000000	524999.999999999999	-5692.770551339108	940.884397684551	-1.407000000000
5760.000000000000	525999.999999999999	-5682.904397870583	939.253748815081	-1.407000000000
5750.000000000000	526999.999999999999	-5673.038244402058	937.623099945610	-1.407000000000
5740.000000000000	527999.999999999999	-5662.233267052646	941.655154227025	-1.406000000000
5730.000000000000	528999.999999999999	-5652.368749165795	940.014640021055	-1.406000000000
5720.000000000000	529999.999999999999	-5642.504231278944	938.374125815084	-1.406000000000
5710.000000000000	530999.999999999999	-5632.639713392092	936.733611609114	-1.406000000000
5690.000000000000	531999.999999999999	-5611.974418735663	939.065026213053	-1.405000000000
5690.000000000000	532999.999999999999	-5612.910677618390	933.452583197173	-1.406000000000
5670.000000000000	533999.999999999999	-5592.248673854342	935.764270409141	-1.405000000000
5660.000000000000	534999.999999999999	-5581.448896484192	939.695810321294	-1.404000000000
5660.000000000000	535999.999999999999	-5582.385801413682	934.113892507184	-1.405000000000
5640.000000000000	536999.999999999999	-5562.660056532362	930.813136703272	-1.405000000000
5640.000000000000	537999.999999999999	-5561.726462220997	936.375330426166	-1.404000000000
5630.000000000000	538999.999999999999	-5551.865245089400	934.715090478601	-1.404000000000
5610.000000000000	539999.999999999999	-5533.071439210381	925.862002997404	-1.405000000000
5600.000000000000	540999.999999999999	-5521.349098338360	935.256186442076	-1.403000000000
5590.000000000000	541999.999999999999	-5512.420376563010	928.074130688345	-1.404000000000
5590.000000000000	542999.999999999999	-5512.420376563010	928.074130688345	-1.404000000000
5580.000000000000	543999.999999999999	-5501.629994415723	931.915985776212	-1.403000000000
5570.000000000000	544999.999999999999	-5491.770442454404	930.245885443279	-1.403000000000
5560.000000000000	545999.999999999999	-5481.910890493086	928.575785110347	-1.403000000000
5540.000000000000	546999.999999999999	-5462.191786570449	925.235584444483	-1.403000000000
5540.000000000000	547999.999999999999	-5463.114290905022	919.772930950524	-1.404000000000
5530.000000000000	548999.999999999999	-5451.405943113056	929.017353654735	-1.402000000000
5520.000000000000	549999.999999999999	-5442.472682647812	921.895383778618	-1.403000000000
5510.000000000000	550999.999999999999	-5431.690189250080	925.657435558334	-1.402000000000
5500.000000000000	551999.999999999999	-5421.832312318592	923.977476510134	-1.402000000000
5490.000000000000	552999.999999999999	-5411.049432036365	927.709029846604	-1.401000000000
5480.000000000000	553999.999999999999	-5402.116558455615	920.617558413733	-1.402000000000
5480.000000000000	554999.999999999999	-5402.116558455615	920.617558413733	-1.402000000000
5460.000000000000	555999.999999999999	-5381.480855905019	922.639581596076	-1.401000000000
5450.000000000000	556999.999999999999	-5371.624663861237	920.949765512567	-1.401000000000
5440.000000000000	557999.999999999999	-5362.685050729661	913.897722220932	-1.402000000000
5430.000000000000	558999.999999999999	-5351.912279773673	917.570133345548	-1.401000000000
5430.000000000000	559999.999999999999	-5351.912279773673	917.570133345548	-1.401000000000
5410.000000000000	560999.999999999999	-5331.283039237569	919.522243090304	-1.400000000000
5400.000000000000	561999.999999999999	-5321.428541937685	917.822571661302	-1.400000000000
5390.000000000000	562999.999999999999	-5311.574044637800	916.122900232299	-1.400000000000
5390.000000000000	563999.999999999999	-5311.574044637800	916.122900232299	-1.400000000000
5380.000000000000	564999.999999999999	-5300.802473401964	919.724490255438	-1.399000000000
5370.000000000000	565999.999999999999	-5290.949680700473	918.014965180614	-1.399000000000
5360.000000000000	566999.999999999999	-5281.096887998982	916.305440105789	-1.399000000000
5350.000000000000	567999.999999999999	-5270.326863913065	919.866700949803	-1.398000000000
5340.000000000000	568999.999999999999	-5261.391302596001	912.886389956141	-1.399000000000
5330.000000000000	569999.999999999999	-5250.624707412456	916.427946927561	-1.398000000000
5320.000000000000	570999.999999999999	-5241.685717193020	909.467339806492	-1.399000000000
5310.000000000000	571999.999999999999	-5231.832924491529	907.757814731668	-1.399000000000
5310.000000000000	572999.999999999999	-5230.922550911846	912.989192905319	-1.398000000000
5300.000000000000	573999.999999999999	-5221.980131790038	906.048289656844	-1.399000000000
5290.000000000000	574999.999999999999	-5210.308238513965	914.761203633769	-1.397000000000
5280.000000000000	575999.999999999999	-5202.274546387058	902.629239507196	-1.399000000000
5270.000000000000	576999.999999999999	-5191.518237910626	906.111684860834	-1.398000000000
5260.000000000000	577999.999999999999	-5181.667159660322	904.392307849713	-1.398000000000
5250.000000000000	578999.999999999999	-5170.910822721798	907.844294721604	-1.397000000000
5250.000000000000	579999.999999999999	-5170.910822721798	907.844294721604	-1.397000000000
5240.000000000000	580999.999999999999	-5161.061468773757	906.115067493563	-1.397000000000
5230.000000000000	581999.999999999999	-5150.305153530338	909.536599328930	-1.396000000000
5210.000000000000	582999.999999999999	-5131.513406929633	900.927385809440	-1.397000000000
5210.000000000000	583999.999999999999	-5130.609913937488	906.058447897462	-1.396000000000
5200.000000000000	584999.999999999999	-5120.762294141063	904.319372181728	-1.396000000000
5190.000000000000	585999.999999999999	-5110.914674344638	902.580296465994	-1.396000000000
5190.000000000000	586999.999999999999	-5110.914674344638	902.580296465994	-1.396000000000
5180.000000000000	587999.999999999999	-5101.067054548213	900.841220750260	-1.396000000000
5170.000000000000	588999.999999999999	-5090.317787147099	904.192914069706	-1.395000000000
5160.000000000000	589999.999999999999	-5080.471911349909	902.443991605354	-1.395000000000
5150.000000000000	590999.999999999999	-5070.626035552719	900.695069141003	-1.395000000000
5150.000000000000	591999.999999999999	-5070.626035552719	900.695069141003	-1.395000000000
5140.000000000000	592999.999999999999	-5060.780159755529	898.946146676651	-1.395000000000
5130.000000000000	593999.999999999999	-5050.034561416729	902.247709055861	-1.394000000000
5120.000000000000	594999.999999999999	-5040.190439464649	900.488941591815	-1.394000000000
5110.000000000000	595999.999999999999	-5030.346317512570	898.730174127768	-1.394000000000
5100.000000000000	596999.999999999999	-5020.502195560491	896.971406663722	-1.394000000000
5100.000000000000	597999.999999999999	-5020.502195560491	896.971406663722	-1.394000000000
5080.000000000000	598999.999999999999	-5000.813951656331	893.453871735629	-1.394000000000
5080.000000000000	599999.999999999999	-5000.813951656331	893.453871735629	-1.394000000000
5070.000000000000	600999.999999999999	-4990.969829704252	891.695104271582	-1.394000000000
5060.000000000000	601999.999999999999	-4979.335874017044	899.896801709460	-1.392000000000
5050.000000000000	602999.999999999999	-4969.495289285785	898.118349532169	-1.392000000000
5050.000000000000	603999.999999999999	-4970.390922738194	893.148406011994	-1.393000000000
5030.000000000000	604999.999999999999	-4949.814119823268	894.561445177586	-1.392000000000
5030.000000000000	605999.999999999999	-4949.814119823268	894.561445177586	-1.392000000000
5020.000000000000	606999.999999999999	-4939.078282261244	897.722519320598	-1.391000000000
5020.000000000000	607999.999999999999	-4939.973535092008	892.782993000295	-1.392000000000
5010.000000000000	608999.999999999999	-4930.132950360749	891.004540823003	-1.392000000000
4990.000000000000	609999.999999999999	-4910.451780898232	887.447636468420	-1.392000000000
4990.000000000000	610999.999999999999	-4909.561878183986	892.357643707128	-1.391000000000
4980.000000000000	611999.999999999999	-4899.723076824899	890.569351835972	-1.391000000000
4970.000000000000	612999.999999999999	-4889.884275465814	888.781059964815	-1.391000000000
4970.000000000000	613999.999999999999	-4888.993049612044	893.670499034808	-1.390000000000
4960.000000000000	614999.999999999999	-4879.156041463932	891.872369258078	-1.390000000000
4950.000000000000	615999.999999999999	-4869.319033315819	890.074239481348	-1.390000000000
4950.000000000000	616999.999999999999	-4869.319033315819	890.074239481348	-1.390000000000
4940.000000000000	617999.999999999999	-4860.367871388555	883.416184351345	-1.391000000000
4930.000000000000	618999.999999999999	-4849.645017019594	886.477979927888	-1.390000000000
4920.000000000000	619999.999999999999	-4839.808008871481	884.679850151158	-1.390000000000
4920.000000000000	620999.999999999999	-4838.920909264973	889.519215013506	-1.389000000000
4910.000000000000	621999.999999999999	-4829.085704164841	887.711249129332	-1.389000000000
4900.000000000000	622999.999999999999	-4819.250499064709	885.903283245158	-1.389000000000
4890.000000000000	623999.999999999999	-4809.415293964577	884.095317360985	-1.389000000000
4880.000000000000	624999.999999999999	-4799.580088864445	882.287351476811	-1.389000000000
4880.000000000000	625999.999999999999	-4798.695401870172	887.086489622107	-1.388000000000
4870.000000000000	626999.999999999999	-4788.862009653225	885.268689438455	-1.388000000000
4870.000000000000	627999.999999999999	-4788.862009653225	885.268689438455	-1.388000000000
4850.000000000000	628999.999999999999	-4768.311207679784	886.401842684996	-1.387000000000
4850.000000000000	629999.999999999999	-4769.195225219330	881.633089071151	-1.388000000000
4840.000000000000	630999.999999999999	-4759.361833002384	879.815288887499	-1.388000000000
4830.000000000000	631999.999999999999	-4748.648068679043	882.746577354337	-1.387000000000
4830.000000000000	632999.999999999999	-4748.648068679043	882.746577354337	-1.387000000000
4820.000000000000	633999.999999999999	-4738.816499178673	880.918944689007	-1.387000000000
4810.000000000000	634999.999999999999	-4728.984929678301	879.091312023677	-1.387000000000
4800.000000000000	635999.999999999999	-4719.153360177931	877.263679358347	-1.387000000000
4800.000000000000	636999.999999999999	-4719.153360177931	877.263679358347	-1.387000000000
4790.000000000000	637999.999999999999	-4709.321790677560	875.436046693017	-1.387000000000
4780.000000000000	638999.999999999999	-4698.614263163849	878.307466661446	-1.386000000000
4770.000000000000	639999.999999999999	-4687.905711962291	881.158348851853	-1.385000000000
4770.000000000000	640999.999999999999	-4687.905711962291	881.158348851853	-1.385000000000
4760.000000000000	641999.999999999999	-4678.954789259397	874.632540022695	-1.386000000000
4750.000000000000	642999.999999999999	-4668.249922813602	877.463764579937	-1.385000000000
4750.000000000000	643999.999999999999	-4668.249922813602	877.463764579937	-1.385000000000
4740.000000000000	644999.999999999999	-4658.422028239258	875.616472443979	-1.385000000000
4740.000000000000	645999.999999999999	-4658.422028239258	875.616472443979	-1.385000000000
4730.000000000000	646999.999999999999	-4648.594133664913	873.769180308021	-1.385000000000
4720.000000000000	647999.999999999999	-4638.766239090569	871.921888172064	-1.385000000000
4710.000000000000	648999.999999999999	-4628.938344516225	870.074596036106	-1.385000000000
4700.000000000000	649999.999999999999	-4617.364758273896	877.463782187190	-1.383000000000
4700.000000000000	650999.999999999999	-4618.239913227651	872.845979466623	-1.384000000000
4690.000000000000	651999.999999999999	-4608.413870859083	870.988860361375	-1.384000000000
4680.000000000000	652999.999999999999	-4598.587828490513	869.131741256127	-1.384000000000
4680.000000000000	653999.999999999999	-4598.587828490513	869.131741256127	-1.384000000000
4670.000000000000	654999.999999999999	-4587.892217263637	871.862949534932	-1.383000000000
4660.000000000000	655999.999999999999	-4578.068036926884	869.996005317512	-1.383000000000
4660.000000000000	656999.999999999999	-4578.068036926884	869.996005317512	-1.383000000000
4650.000000000000	657999.999999999999	-4568.243856590131	868.129061100092	-1.383000000000
4650.000000000000	658999.999999999999	-4568.243856590131	868.129061100092	-1.383000000000
4640.000000000000	659999.999999999999	-4557.551135071224	870.820102668168	-1.382000000000
4640.000000000000	660999.999999999999	-4557.551135071224	870.820102668168	-1.382000000000
4620.000000000000	661999.999999999999	-4537.906518109710	867.066567742874	-1.382000000000
4620.000000000000	662999.999999999999	-4537.906518109710	867.066567742874	-1.382000000000
4610.000000000000	663999.999999999999	-4527.216755930956	869.717451140311	-1.381000000000
4600.000000000000	664999.999999999999	-4517.396329128502	867.830862309204	-1.381000000000
4600.000000000000	665999.999999999999	-4517.396329128502	867.830862309204	-1.381000000000
4590.000000000000	666999.999999999999	-4507.575902326049	865.944273478097	-1.381000000000
4580.000000000000	667999.999999999999	-4497.755475523595	864.057684646990	-1.381000000000
4580.000000000000	668999.999999999999	-4497.755475523595	864.057684646990	-1.381000000000
4570.000000000000	669999.999999999999	-4487.070633801683	866.658599031103	-1.380000000000
4570.000000000000	670999.999999999999	-4487.070633801683	866.658599031103	-1.380000000000
4560.000000000000	671999.999999999999	-4477.252098497960	864.762190718125	-1.380000000000
4550.000000000000	672999.999999999999	-4467.433563194237	862.865782405147	-1.380000000000
4540.000000000000	673999.999999999999	-4456.751829852587	865.426557892472	-1.379000000000
4540.000000000000	674999.999999999999	-4457.615027890512	860.969374092168	-1.380000000000
4540.000000000000	675999.999999999999	-4456.751829852587	865.426557892472	-1.379000000000
4530.000000000000	676999.999999999999	-4446.935195866128	863.520331994030	-1.379000000000
4520.000000000000	677999.999999999999	-4436.254729358079	866.050793110932	-1.378000000000
4510.000000000000	678999.999999999999	-4427.301927893210	859.707880197147	-1.379000000000
4510.000000000000	679999.999999999999	-4426.440006505517	864.134751533253	-1.378000000000
4500.000000000000	680999.999999999999	-4416.625283652955	862.218709955574	-1.378000000000
4500.000000000000	681999.999999999999	-4416.625283652955	862.218709955574	-1.378000000000
4480.000000000000	682999.999999999999	-4396.135252966359	862.783192712053	-1.377000000000
4490.000000000000	683999.999999999999	-4405.081142992523	869.114563018986	-1.376000000000
4480.000000000000	684999.999999999999	-4396.995837947830	858.386626800215	-1.378000000000
4470.000000000000	685999.999999999999	-4386.322451062417	860.857337371178	-1.377000000000
4470.000000000000	686999.999999999999	-4386.322451062417	860.857337371178	-1.377000000000
4460.000000000000	687999.999999999999	-4375.648529564956	863.307561484338	-1.376000000000
4460.000000000000	688999.999999999999	-4375.648529564956	863.307561484338	-1.376000000000
4440.000000000000	689999.999999999999	-4356.026787279911	859.436227127906	-1.376000000000
4430.000000000000	690999.999999999999	-4345.356242612580	861.846346391213	-1.375000000000
4440.000000000000	691999.999999999999	-4356.884045350588	855.079771348552	-1.377000000000
4430.000000000000	692999.999999999999	-4346.215916137389	857.500559949690	-1.376000000000
4420.000000000000	693999.999999999999	-4336.405044994867	855.564892771474	-1.376000000000
4420.000000000000	694999.999999999999	-4336.405044994867	855.564892771474	-1.376000000000
4410.000000000000	695999.999999999999	-4326.594173852345	853.629225593258	-1.376000000000
4400.000000000000	696999.999999999999	-4315.929450901885	856.009915151544	-1.375000000000
4400.000000000000	697999.999999999999	-4316.783302709822	851.693558415042	-1.376000000000
4390.000000000000	698999.999999999999	-4306.120520331653	854.064438071654	-1.375000000000
4390.000000000000	699999.999999999999	-4306.120520331653	854.064438071654	-1.375000000000
4380.000000000000	700999.999999999999	-4295.457322786834	856.414845806028	-1.374000000000
4370.000000000000	701999.999999999999	-4284.793740354470	858.744783168520	-1.373000000000
4370.000000000000	702999.999999999999	-4285.650342597824	854.459560769941	-1.374000000000
4360.000000000000	703999.999999999999	-4275.843362408812	852.504275733854	-1.374000000000
4360.000000000000	704999.999999999999	-4275.843362408812	852.504275733854	-1.374000000000
4350.000000000000	705999.999999999999	-4266.036382219801	850.548990697768	-1.374000000000
4350.000000000000	706999.999999999999	-4265.183700352848	854.814601094522	-1.373000000000
4340.000000000000	707999.999999999999	-4256.229402030790	848.593705661681	-1.374000000000
4330.000000000000	708999.999999999999	-4245.573660351226	850.884419020524	-1.373000000000
4330.000000000000	709999.999999999999	-4245.573660351226	850.884419020524	-1.373000000000
4320.000000000000	710999.999999999999	-4235.768640350415	848.919327983525	-1.373000000000
4310.000000000000	711999.999999999999	-4225.114553272182	851.179776385465	-1.372000000000
4310.000000000000	712999.999999999999	-4225.114553272182	851.179776385465	-1.372000000000
4300.000000000000	713999.999999999999	-4215.311503264590	849.204881312645	-1.372000000000
4300.000000000000	714999.999999999999	-4215.311503264590	849.204881312645	-1.372000000000
4290.000000000000	715999.999999999999	-4205.508453256997	847.229986239825	-1.372000000000
4290.000000000000	716999.999999999999	-4204.659120657911	851.435070377206	-1.371000000000
4280.000000000000	717999.999999999999	-4194.858050446588	849.450373243460	-1.371000000000
4280.000000000000	718999.999999999999	-4194.858050446588	849.450373243460	-1.371000000000
4270.000000000000	719999.999999999999	-4185.056980235264	847.465676109714	-1.371000000000
4270.000000000000	720999.999999999999	-4185.056980235264	847.465676109714	-1.371000000000
4260.000000000000	721999.999999999999	-4174.408341558096	849.655811449660	-1.370000000000
4250.000000000000	722999.999999999999	-4164.609260944110	847.661314239685	-1.370000000000
4250.000000000000	723999.999999999999	-4164.609260944110	847.661314239685	-1.370000000000
4240.000000000000	724999.999999999999	-4154.810180330124	845.666817029709	-1.370000000000
4240.000000000000	725999.999999999999	-4154.810180330124	845.666817029709	-1.370000000000
4230.000000000000	726999.999999999999	-4144.165355031553	847.816908392490	-1.369000000000
4230.000000000000	727999.999999999999	-4144.165355031553	847.816908392490	-1.369000000000
4220.000000000000	728999.999999999999	-4134.368273813984	845.812613100782	-1.369000000000
4220.000000000000	729999.999999999999	-4134.368273813984	845.812613100782	-1.369000000000
4210.000000000000	730999.999999999999	-4124.571192596416	843.808317809074	-1.369000000000
4200.000000000000	731999.999999999999	-4113.930250109746	845.918375040972	-1.368000000000
4200.000000000000	732999.999999999999	-4114.774111378847	841.804022517366	-1.369000000000
4200.000000000000	733999.999999999999	-4113.930250109746	845.918375040972	-1.368000000000
4190.000000000000	734999.999999999999	-4104.135178085676	843.904283671827	-1.368000000000
4180.000000000000	735999.999999999999	-4093.496168839735	845.984110781293	-1.367000000000
4180.000000000000	736999.999999999999	-4094.340106061605	841.890192302682	-1.368000000000
4170.000000000000	737999.999999999999	-4083.703115804233	843.960225348802	-1.367000000000
4170.000000000000	738999.999999999999	-4083.703115804233	843.960225348802	-1.367000000000
4160.000000000000	739999.999999999999	-4073.910062768731	841.936339916311	-1.367000000000
4160.000000000000	740999.999999999999	-4073.066089614276	846.009828331959	-1.366000000000
4150.000000000000	741999.999999999999	-4064.117009733229	839.912454483820	-1.367000000000
4140.000000000000	742999.999999999999	-4054.323956697728	837.888569051329	-1.367000000000
4140.000000000000	743999.999999999999	-4053.484041106515	841.942473388056	-1.366000000000
4140.000000000000	744999.999999999999	-4054.323956697728	837.888569051329	-1.367000000000
4130.000000000000	745999.999999999999	-4043.693016852635	839.908795916104	-1.366000000000
4130.000000000000	746999.999999999999	-4042.851086350363	843.952068304645	-1.365000000000
4120.000000000000	747999.999999999999	-4033.062100669127	841.908600826910	-1.365000000000
4110.000000000000	748999.999999999999	-4023.273114987891	839.865133349175	-1.365000000000
4110.000000000000	749999.999999999999	-4023.273114987891	839.865133349175	-1.365000000000
4100.000000000000	750999.999999999999	-4013.484129306656	837.821665871439	-1.365000000000
4100.000000000000	751999.999999999999	-4013.484129306656	837.821665871439	-1.365000000000
4090.000000000000	752999.999999999999	-4002.857363718918	839.781474980982	-1.364000000000
4090.000000000000	753999.999999999999	-4003.695143625420	835.778198393704	-1.365000000000
4090.000000000000	754999.999999999999	-4002.857363718918	839.781474980982	-1.364000000000
4080.000000000000	755999.999999999999	-3993.070426399312	837.728219540931	-1.364000000000
4080.000000000000	756999.999999999999	-3993.070426399312	837.728219540931	-1.364000000000
4070.000000000000	757999.999999999999	-3983.283489079705	835.674964100880	-1.364000000000
4060.000000000000	758999.999999999999	-3972.660943442265	837.594787739520	-1.363000000000
4060.000000000000	759999.999999999999	-3972.660943442265	837.594787739520	-1.363000000000
4050.000000000000	760999.999999999999	-3962.876064271225	835.531746390408	-1.363000000000
4050.000000000000	761999.999999999999	-3962.876064271225	835.531746390408	-1.363000000000
4050.000000000000	762999.999999999999	-3962.876064271225	835.531746390408	-1.363000000000
4040.000000000000	763999.999999999999	-3952.255739988627	837.421378833229	-1.362000000000
4030.000000000000	764999.999999999999	-3942.472928751032	835.348553638098	-1.362000000000
4030.000000000000	765999.999999999999	-3942.472928751032	835.348553638098	-1.362000000000
4020.000000000000	766999.999999999999	-3932.690117513436	833.275728442966	-1.362000000000
4020.000000000000	767999.999999999999	-3932.690117513436	833.275728442966	-1.362000000000
4020.000000000000	768999.999999999999	-3931.854875578977	837.208001267202	-1.361000000000
4010.000000000000	769999.999999999999	-3922.074142057637	835.125394298875	-1.361000000000
4000.000000000000	770999.999999999999	-3912.293408536296	833.042787330549	-1.361000000000
4000.000000000000	771999.999999999999	-3912.293408536296	833.042787330549	-1.361000000000
4000.000000000000	772999.999999999999	-3911.458409741265	836.954663565677	-1.360000000000
3990.000000000000	773999.999999999999	-3902.512675014955	830.960180362223	-1.361000000000
3980.000000000000	774999.999999999999	-3891.901117692559	832.769890247849	-1.360000000000
3980.000000000000	775999.999999999999	-3891.901117692559	832.769890247849	-1.360000000000
3980.000000000000	776999.999999999999	-3891.901117692559	832.769890247849	-1.360000000000
3970.000000000000	777999.999999999999	-3882.122471668205	830.677503588934	-1.360000000000
3960.000000000000	778999.999999999999	-3872.343825643852	828.585116930020	-1.360000000000
3960.000000000000	779999.999999999999	-3871.513304493268	832.457045817750	-1.359000000000
3960.000000000000	780999.999999999999	-3871.513304493268	832.457045817750	-1.359000000000
3950.000000000000	781999.999999999999	-3861.736755744548	830.354881560634	-1.359000000000
3950.000000000000	782999.999999999999	-3861.736755744548	830.354881560634	-1.359000000000
3940.000000000000	783999.999999999999	-3851.960206995827	828.252717303519	-1.359000000000
3940.000000000000	784999.999999999999	-3851.130028436623	832.104262742197	-1.358000000000
3930.000000000000	785999.999999999999	-3841.355586740083	829.992322989044	-1.358000000000
3930.000000000000	786999.999999999999	-3841.355586740083	829.992322989044	-1.358000000000
3920.000000000000	787999.999999999999	-3831.581145043544	827.880383235891	-1.358000000000
3920.000000000000	788999.999999999999	-3830.751349007875	831.711549802181	-1.357000000000
3910.000000000000	789999.999999999999	-3820.979024137957	829.589836664931	-1.357000000000
3910.000000000000	790999.999999999999	-3820.979024137957	829.589836664931	-1.357000000000
3910.000000000000	791999.999999999999	-3820.979024137957	829.589836664931	-1.357000000000
3900.000000000000	792999.999999999999	-3811.206699268039	827.468123527681	-1.357000000000
3900.000000000000	793999.999999999999	-3810.377325679231	831.278915857720	-1.356000000000
3890.000000000000	794999.999999999999	-3800.607127408259	829.147431458084	-1.356000000000
3890.000000000000	795999.999999999999	-3800.607127408259	829.147431458084	-1.356000000000
3880.000000000000	796999.999999999999	-3790.836929137287	827.015947058449	-1.356000000000
3870.000000000000	797999.999999999999	-3781.066730866315	824.884462658814	-1.356000000000
3870.000000000000	798999.999999999999	-3781.066730866315	824.884462658814	-1.356000000000
3870.000000000000	799999.999999999999	-3781.066730866315	824.884462658814	-1.356000000000
3860.000000000000	800999.999999999999	-3770.471894106099	826.523862786770	-1.355000000000
3860.000000000000	801999.999999999999	-3770.471894106099	826.523862786770	-1.355000000000
3850.000000000000	802999.999999999999	-3760.703832204270	824.382609256235	-1.355000000000
3850.000000000000	803999.999999999999	-3760.703832204270	824.382609256235	-1.355000000000
3850.000000000000	804999.999999999999	-3759.877569380651	828.142900270384	-1.354000000000
3840.000000000000	805999.999999999999	-3750.111653616027	825.991879750202	-1.354000000000
3840.000000000000	806999.999999999999	-3750.111653616027	825.991879750202	-1.354000000000
3830.000000000000	807999.999999999999	-3740.345737851402	823.840859230019	-1.354000000000
3830.000000000000	808999.999999999999	-3740.345737851402	823.840859230019	-1.354000000000
3820.000000000000	809999.999999999999	-3729.756267095259	825.420007065275	-1.353000000000
3820.000000000000	810999.999999999999	-3730.579822086776	821.689838709836	-1.354000000000
3810.000000000000	811999.999999999999	-3719.992507233753	823.259221706465	-1.353000000000
3810.000000000000	812999.999999999999	-3719.992507233753	823.259221706465	-1.353000000000
3800.000000000000	813999.999999999999	-3709.405793958530	824.808253927472	-1.352000000000
3800.000000000000	814999.999999999999	-3709.405793958530	824.808253927472	-1.352000000000
3800.000000000000	815999.999999999999	-3709.405793958530	824.808253927472	-1.352000000000
3790.000000000000	816999.999999999999	-3699.644199763903	822.637705890821	-1.352000000000
3790.000000000000	817999.999999999999	-3699.644199763903	822.637705890821	-1.352000000000
3780.000000000000	818999.999999999999	-3689.882605569275	820.467157854169	-1.352000000000
3780.000000000000	819999.999999999999	-3689.882605569275	820.467157854169	-1.352000000000
3770.000000000000	820999.999999999999	-3679.300874840860	821.976321067269	-1.351000000000
3770.000000000000	821999.999999999999	-3679.300874840860	821.976321067269	-1.351000000000
3770.000000000000	822999.999999999999	-3679.300874840860	821.976321067269	-1.351000000000
3760.000000000000	823999.999999999999	-3669.541456074704	819.796012523324	-1.351000000000
3760.000000000000	824999.999999999999	-3669.541456074704	819.796012523324	-1.351000000000
3750.000000000000	825999.999999999999	-3658.962591849971	821.275076598906	-1.350000000000
3750.000000000000	826999.999999999999	-3659.782037308548	817.615703979379	-1.351000000000
3740.000000000000	827999.999999999999	-3649.205358271705	819.085009727975	-1.350000000000
3740.000000000000	828999.999999999999	-3649.205358271705	819.085009727975	-1.350000000000
3740.000000000000	829999.999999999999	-3648.384448795964	822.733804935576	-1.349000000000
3730.000000000000	830999.999999999999	-3639.448124693438	816.894942857045	-1.350000000000
3730.000000000000	831999.999999999999	-3639.448124693438	816.894942857045	-1.350000000000
3720.000000000000	832999.999999999999	-3628.874371529675	818.334158919877	-1.349000000000
3720.000000000000	833999.999999999999	-3628.874371529675	818.334158919877	-1.349000000000
3710.000000000000	834999.999999999999	-3619.119332896531	816.134335912028	-1.349000000000
3710.000000000000	835999.999999999999	-3619.119332896531	816.134335912028	-1.349000000000
3710.000000000000	836999.999999999999	-3619.119332896531	816.134335912028	-1.349000000000
3700.000000000000	837999.999999999999	-3608.548555204142	817.543469629659	-1.348000000000
3700.000000000000	838999.999999999999	-3608.548555204142	817.543469629659	-1.348000000000
3690.000000000000	839999.999999999999	-3598.795721271158	815.333892684714	-1.348000000000
3690.000000000000	840999.999999999999	-3597.978588116651	818.932280139274	-1.347000000000
3690.000000000000	841999.999999999999	-3599.609255630242	811.734689896330	-1.349000000000
3690.000000000000	842999.999999999999	-3598.795721271158	815.333892684714	-1.348000000000
3680.000000000000	843999.999999999999	-3588.227968636660	816.712951466810	-1.347000000000
3670.000000000000	844999.999999999999	-3578.477349156669	814.493622794345	-1.347000000000
3670.000000000000	845999.999999999999	-3578.477349156669	814.493622794345	-1.347000000000
3660.000000000000	846999.999999999999	-3567.095044720386	819.410118274887	-1.345000000000
3660.000000000000	847999.999999999999	-3567.912671154720	815.842614119657	-1.346000000000
3660.000000000000	848999.999999999999	-3567.912671154720	815.842614119657	-1.346000000000
3650.000000000000	849999.999999999998	-3558.164275878340	813.613535939002	-1.346000000000
3650.000000000000	850999.999999999998	-3558.164275878340	813.613535939002	-1.346000000000
3650.000000000000	851999.999999999998	-3557.348883396014	817.171292815119	-1.345000000000
3640.000000000000	852999.999999999998	-3547.602722071641	814.932467355352	-1.345000000000
3640.000000000000	853999.999999999998	-3547.602722071641	814.932467355352	-1.345000000000
3630.000000000000	854999.999999999998	-3537.856560747269	812.693641895584	-1.345000000000
3630.000000000000	855999.999999999998	-3537.856560747269	812.693641895584	-1.345000000000
3630.000000000000	856999.999999999998	-3537.042098312689	816.231091519901	-1.344000000000
3620.000000000000	857999.999999999998	-3527.298180686483	813.982521019847	-1.344000000000
3620.000000000000	858999.999999999998	-3527.298180686483	813.982521019847	-1.344000000000
3610.000000000000	859999.999999999998	-3517.554263060278	811.733950519792	-1.344000000000
3610.000000000000	860999.999999999998	-3517.554263060278	811.733950519792	-1.344000000000
3610.000000000000	861999.999999999998	-3516.740770468061	815.251098329652	-1.343000000000
3600.000000000000	862999.999999999998	-3506.999106283939	812.992785037880	-1.343000000000
3600.000000000000	863999.999999999998	-3506.999106283939	812.992785037880	-1.343000000000
3590.000000000000	864999.999999999998	-3497.257442099818	810.734471746108	-1.343000000000
3590.000000000000	865999.999999999998	-3497.257442099818	810.734471746108	-1.343000000000
3590.000000000000	866999.999999999998	-3496.444959134618	814.231323238129	-1.342000000000
3580.000000000000	867999.999999999998	-3486.705558134243	811.963269412953	-1.342000000000
3580.000000000000	868999.999999999998	-3486.705558134243	811.963269412953	-1.342000000000
3570.000000000000	869999.999999999998	-3476.966157133868	809.695215587778	-1.342000000000
3570.000000000000	870999.999999999998	-3476.966157133868	809.695215587778	-1.342000000000
3570.000000000000	871999.999999999998	-3476.966157133868	809.695215587778	-1.342000000000
3560.000000000000	872999.999999999998	-3466.417595493068	810.893984227317	-1.341000000000
3560.000000000000	873999.999999999998	-3466.417595493068	810.893984227317	-1.341000000000
3560.000000000000	874999.999999999998	-3466.417595493068	810.893984227317	-1.341000000000
3550.000000000000	875999.999999999998	-3456.680467415841	808.616192136791	-1.341000000000
3550.000000000000	876999.999999999998	-3455.870123018384	812.072467720031	-1.340000000000
3550.000000000000	877999.999999999998	-3455.870123018384	812.072467720031	-1.340000000000
3540.000000000000	878999.999999999998	-3446.135277601431	809.784939641946	-1.340000000000
3540.000000000000	879999.999999999998	-3446.135277601431	809.784939641946	-1.340000000000
3530.000000000000	880999.999999999998	-3436.400432184477	807.497411563862	-1.340000000000
3530.000000000000	881999.999999999998	-3436.400432184477	807.497411563862	-1.340000000000
3530.000000000000	882999.999999999998	-3435.591216707423	810.933407674641	-1.339000000000
3520.000000000000	883999.999999999998	-3425.858663685589	808.636145896526	-1.339000000000
3520.000000000000	884999.999999999998	-3425.858663685589	808.636145896526	-1.339000000000
3510.000000000000	885999.999999999998	-3416.126110663755	806.338884118411	-1.339000000000
3510.000000000000	886999.999999999998	-3416.126110663755	806.338884118411	-1.339000000000
3510.000000000000	887999.999999999998	-3416.126110663755	806.338884118411	-1.339000000000
3500.000000000000	888999.999999999998	-3405.587812956951	807.447613309427	-1.338000000000
3500.000000000000	889999.999999999998	-3405.587812956951	807.447613309427	-1.338000000000
3500.000000000000	890999.999999999998	-3405.587812956951	807.447613309427	-1.338000000000
3490.000000000000	891999.999999999998	-3395.857562062788	805.140620128543	-1.338000000000
3490.000000000000	892999.999999999998	-3395.857562062788	805.140620128543	-1.338000000000
3490.000000000000	893999.999999999998	-3395.050723648210	808.536074554354	-1.337000000000
3480.000000000000	894999.999999999998	-3385.322784611969	806.219352277694	-1.337000000000
3480.000000000000	895999.999999999998	-3385.322784611969	806.219352277694	-1.337000000000
3470.000000000000	896999.999999999998	-3375.594845575727	803.902630001034	-1.337000000000
3470.000000000000	897999.999999999998	-3374.789255282429	807.277822332728	-1.336000000000
3470.000000000000	898999.999999999998	-3374.789255282429	807.277822332728	-1.336000000000
3470.000000000000	899999.999999999998	-3374.789255282429	807.277822332728	-1.336000000000
3460.000000000000	900999.999999999998	-3365.063637832047	804.951373277014	-1.336000000000
3460.000000000000	901999.999999999998	-3365.063637832047	804.951373277014	-1.336000000000
3450.000000000000	902999.999999999998	-3354.533717922344	805.979860370031	-1.335000000000
3450.000000000000	903999.999999999998	-3354.533717922344	805.979860370031	-1.335000000000
3450.000000000000	904999.999999999998	-3354.533717922344	805.979860370031	-1.335000000000
3440.000000000000	905999.999999999998	-3344.810431783439	803.643686861712	-1.335000000000
3440.000000000000	906999.999999999998	-3344.810431783439	803.643686861712	-1.335000000000
3440.000000000000	907999.999999999998	-3344.810431783439	803.643686861712	-1.335000000000
3430.000000000000	908999.999999999998	-3334.284170721297	804.642199289466	-1.334000000000
3430.000000000000	909999.999999999998	-3334.284170721297	804.642199289466	-1.334000000000
3430.000000000000	910999.999999999998	-3334.284170721297	804.642199289466	-1.334000000000
3420.000000000000	911999.999999999998	-3324.563225617154	802.296303664715	-1.334000000000
3420.000000000000	912999.999999999998	-3324.563225617154	802.296303664715	-1.334000000000
3420.000000000000	913999.999999999998	-3323.759267165731	805.620465188121	-1.333000000000
3410.000000000000	914999.999999999998	-3314.040672817293	803.264849792834	-1.333000000000
3410.000000000000	915999.999999999998	-3314.040672817293	803.264849792834	-1.333000000000
3400.000000000000	916999.999999999998	-3304.322078468855	800.909234397547	-1.333000000000
3400.000000000000	917999.999999999998	-3304.322078468855	800.909234397547	-1.333000000000
3400.000000000000	918999.999999999998	-3304.322078468855	800.909234397547	-1.333000000000
3390.000000000000	919999.999999999998	-3295.400390304723	795.258616790463	-1.334000000000
3390.000000000000	920999.999999999998	-3293.803283332903	801.847822660503	-1.332000000000
3390.000000000000	921999.999999999998	-3293.803283332903	801.847822660503	-1.332000000000
3380.000000000000	922999.999999999998	-3284.087049458764	799.482489850295	-1.332000000000
3380.000000000000	923999.999999999998	-3283.285925058773	802.766176611195	-1.331000000000
3380.000000000000	924999.999999999998	-3283.285925058773	802.766176611195	-1.331000000000
3380.000000000000	925999.999999999998	-3283.285925058773	802.766176611195	-1.331000000000
3370.000000000000	926999.999999999998	-3273.572061375167	800.391128751398	-1.331000000000
3370.000000000000	927999.999999999998	-3273.572061375167	800.391128751398	-1.331000000000
3360.000000000000	928999.999999999998	-3263.858197691562	798.016080891602	-1.331000000000
3360.000000000000	929999.999999999998	-3263.058549814710	801.279539537310	-1.330000000000
3360.000000000000	930999.999999999998	-3263.058549814710	801.279539537310	-1.330000000000
3350.000000000000	931999.999999999998	-3253.347066035499	798.894779002973	-1.330000000000
3350.000000000000	932999.999999999998	-3253.347066035499	798.894779002973	-1.330000000000
3350.000000000000	933999.999999999998	-3253.347066035499	798.894779002973	-1.330000000000
3340.000000000000	934999.999999999998	-3242.837450552916	799.753255255310	-1.329000000000
3340.000000000000	935999.999999999998	-3243.635582256289	796.510018468635	-1.330000000000
3340.000000000000	936999.999999999998	-3242.837450552916	799.753255255310	-1.329000000000
3330.000000000000	937999.999999999998	-3233.128356389584	797.358784431192	-1.329000000000
3330.000000000000	938999.999999999998	-3232.329381174002	800.591513569368	-1.328000000000
3330.000000000000	939999.999999999998	-3232.329381174002	800.591513569368	-1.328000000000
3320.000000000000	940999.999999999998	-3223.419262226252	794.964313607075	-1.329000000000
3320.000000000000	941999.999999999998	-3222.622686335642	798.187334849940	-1.328000000000
3320.000000000000	942999.999999999998	-3222.622686335642	798.187334849940	-1.328000000000
3320.000000000000	943999.999999999998	-3222.622686335642	798.187334849940	-1.328000000000
3310.000000000000	944999.999999999998	-3212.915991497282	795.783156130513	-1.328000000000
3310.000000000000	945999.999999999998	-3212.118602015920	798.995673694980	-1.327000000000
3300.000000000000	946999.999999999998	-3202.414316209225	796.581789484421	-1.327000000000
3300.000000000000	947999.999999999998	-3202.414316209225	796.581789484421	-1.327000000000
3300.000000000000	948999.999999999998	-3202.414316209225	796.581789484421	-1.327000000000
3300.000000000000	949999.999999999998	-3201.616133345480	799.783804976032	-1.326000000000
3290.000000000000	950999.999999999998	-3192.710030402530	794.167905273862	-1.327000000000
3290.000000000000	951999.999999999998	-3191.914266274736	797.360217688226	-1.326000000000
3290.000000000000	952999.999999999998	-3191.914266274736	797.360217688226	-1.326000000000
3280.000000000000	953999.999999999998	-3182.212399203992	794.936630400420	-1.326000000000
3280.000000000000	954999.999999999998	-3181.415871600014	798.118444800974	-1.325000000000
3270.000000000000	955999.999999999998	-3171.716432967087	795.685156859507	-1.325000000000
3270.000000000000	956999.999999999998	-3171.716432967087	795.685156859507	-1.325000000000
3270.000000000000	957999.999999999998	-3171.716432967087	795.685156859507	-1.325000000000
3270.000000000000	958999.999999999998	-3171.716432967087	795.685156859507	-1.325000000000
3260.000000000000	959999.999999999998	-3161.222161589085	796.413488759470	-1.324000000000
3260.000000000000	960999.999999999998	-3161.222161589085	796.413488759470	-1.324000000000
3260.000000000000	961999.999999999998	-3161.222161589085	796.413488759470	-1.324000000000
3250.000000000000	962999.999999999998	-3151.525161093413	793.970502597631	-1.324000000000
3250.000000000000	963999.999999999998	-3151.525161093413	793.970502597631	-1.324000000000
3250.000000000000	964999.999999999998	-3150.729614960695	797.121630248253	-1.323000000000
3240.000000000000	965999.999999999998	-3141.035062299277	794.668948309027	-1.323000000000
3240.000000000000	966999.999999999998	-3141.035062299277	794.668948309027	-1.323000000000
3240.000000000000	967999.999999999998	-3141.035062299277	794.668948309027	-1.323000000000
3230.000000000000	968999.999999999998	-3131.340509637860	792.216266369802	-1.323000000000
3230.000000000000	969999.999999999998	-3131.340509637860	792.216266369802	-1.323000000000
3230.000000000000	970999.999999999998	-3130.546727833402	795.347210249449	-1.322000000000
3230.000000000000	971999.999999999998	-3130.546727833402	795.347210249449	-1.322000000000
3220.000000000000	972999.999999999998	-3120.854632700790	792.884834985519	-1.322000000000
3220.000000000000	973999.999999999998	-3120.854632700790	792.884834985519	-1.322000000000
3220.000000000000	974999.999999999998	-3120.854632700790	792.884834985519	-1.322000000000
3210.000000000000	975999.999999999998	-3110.370559659056	793.533226529433	-1.321000000000
3210.000000000000	976999.999999999998	-3110.370559659056	793.533226529433	-1.321000000000
3210.000000000000	977999.999999999998	-3110.370559659056	793.533226529433	-1.321000000000
3200.000000000000	978999.999999999998	-3099.888320378449	794.161445287593	-1.320000000000
3200.000000000000	979999.999999999998	-3100.680931747345	791.061160403174	-1.321000000000
3200.000000000000	980999.999999999998	-3099.888320378449	794.161445287593	-1.320000000000
3190.000000000000	981999.999999999998	-3090.201169377266	791.679690771070	-1.320000000000
3190.000000000000	982999.999999999998	-3089.407944717986	794.769495585601	-1.319000000000
3190.000000000000	983999.999999999998	-3090.201169377266	791.679690771070	-1.320000000000
3190.000000000000	984999.999999999998	-3090.201169377266	791.679690771070	-1.320000000000
3180.000000000000	985999.999999999998	-3079.723280314481	792.278055160568	-1.319000000000
3180.000000000000	986999.999999999998	-3079.723280314481	792.278055160568	-1.319000000000
3180.000000000000	987999.999999999998	-3079.723280314481	792.278055160568	-1.319000000000
3170.000000000000	988999.999999999998	-3070.038615910977	789.786614735535	-1.319000000000
3170.000000000000	989999.999999999998	-3070.038615910977	789.786614735535	-1.319000000000
3170.000000000000	990999.999999999998	-3069.247294408692	792.856257946498	-1.318000000000
3170.000000000000	991999.999999999998	-3069.247294408692	792.856257946498	-1.318000000000
3160.000000000000	992999.999999999998	-3059.565126287529	790.355134104395	-1.318000000000
3160.000000000000	993999.999999999998	-3059.565126287529	790.355134104395	-1.318000000000
3160.000000000000	994999.999999999998	-3059.565126287529	790.355134104395	-1.318000000000
3150.000000000000	995999.999999999998	-3049.882958166366	787.854010262293	-1.318000000000
3150.000000000000	996999.999999999998	-3049.093579346061	790.903498785173	-1.317000000000
3150.000000000000	997999.999999999998	-3049.093579346061	790.903498785173	-1.317000000000
3150.000000000000	998999.999999999998	-3049.093579346061	790.903498785173	-1.317000000000
3140.000000000000	1000000.000000000000	-3038.624004919946	791.431713241431	-1.316000000000
