919999.999999999998	1000.000000000000	-906613.751589383346	156369.771468221763	-1.400000000000
659999.999999999999	2000.000000000000	-645390.637607308686	138097.519488336722	-1.360000000000
439999.999999999999	3000.000000000000	-428333.198345940559	100651.235435722134	-1.340000000000
349999.999999999999	4000.000000000000	-339901.932272365607	83466.618701803090	-1.330000000000
290000.000000000000	5000.000000000000	-279431.873770985985	77574.660301130338	-1.300000000000
250000.000000000000	6000.000000000000	-241546.237903183500	64462.508133167408	-1.310000000000
230000.000000000000	7000.000000000000	-221618.382645954378	61524.730583655088	-1.300000000000
200000.000000000000	8000.000000000000	-192167.012841214542	55424.175011311519	-1.290000000000
180000.000000000000	9000.000000000000	-172442.854852060496	51608.737733751994	-1.280000000000
170000.000000000000	10000.000000000000	-162862.696249168250	48741.585637432436	-1.280000000000
160000.000000000000	11000.000000000000	-153282.537646275974	45874.433541112885	-1.280000000000
150000.000000000000	12000.000000000000	-144125.259630910906	41568.131258483634	-1.290000000000
140000.000000000000	13000.000000000000	-134122.220440491481	40140.129348473769	-1.280000000000
130000.000000000000	14000.000000000000	-124163.111226009991	38516.513480291433	-1.270000000000
120000.000000000000	15000.000000000000	-114961.903234706988	34405.825155834660	-1.280000000000
120000.000000000000	16000.000000000000	-114612.102670163076	35553.704751038247	-1.270000000000
110000.000000000000	17000.000000000000	-105381.744631814741	31538.673059515106	-1.280000000000
106700.000000000000	18000.000000000000	-102034.898357241021	31205.280277983285	-1.274000000000
102600.000000000000	19000.000000000000	-97993.347782989425	30398.417562137703	-1.270000000000
98900.000000000000	20000.000000000000	-94832.410493060757	28071.763750709015	-1.283000000000
94700.000000000000	21000.000000000000	-90751.208533169221	27061.192689333442	-1.281000000000
91700.000000000000	22000.000000000000	-88057.575236002100	25588.150452032103	-1.288000000000
86600.000000000000	23000.000000000000	-83062.827672312152	24497.482709041247	-1.284000000000
85100.000000000000	24000.000000000000	-81672.078133979652	23909.865187347295	-1.286000000000
81900.000000000000	25000.000000000000	-78366.943614331569	23795.632972211042	-1.276000000000
79000.000000000000	26000.000000000000	-75927.824664778571	21816.632225773123	-1.291000000000
77000.000000000000	27000.000000000000	-73876.684049695701	21707.960609450070	-1.285000000000
75400.000000000000	28000.000000000000	-72383.953182134384	21112.160517734286	-1.287000000000
74400.000000000000	29000.000000000000	-71276.380005518338	21331.611596617491	-1.280000000000
71200.000000000000	30000.000000000000	-68391.691362731406	19799.407883694141	-1.289000000000
69500.000000000000	31000.000000000000	-66873.501341433744	18925.771274567869	-1.295000000000
67800.000000000000	32000.000000000000	-65292.841495859691	18267.042710754882	-1.298000000000
66000.000000000000	33000.000000000000	-63304.233560884553	18670.136937606494	-1.284000000000
64700.000000000000	34000.000000000000	-62237.250017781211	17680.913727072842	-1.294000000000
63400.000000000000	35000.000000000000	-61190.245290018240	16592.585131539963	-1.306000000000
61900.000000000000	36000.000000000000	-59611.016055954496	16677.432799347011	-1.298000000000
59900.000000000000	37000.000000000000	-57796.529409158815	15734.395071188492	-1.305000000000
58800.000000000000	38000.000000000000	-56609.779622637085	15898.831751938986	-1.297000000000
57700.000000000000	39000.000000000000	-55612.714179759889	15379.077396265779	-1.301000000000
56300.000000000000	40000.000000000000	-54278.337690395339	14951.657351859314	-1.302000000000
55000.000000000000	41000.000000000000	-53010.386133220003	14659.432526769806	-1.301000000000
53600.000000000000	42000.000000000000	-51717.762543087017	14079.525472716246	-1.305000000000
53400.000000000000	43000.000000000000	-51454.007101278104	14284.437448552964	-1.300000000000
51800.000000000000	44000.000000000000	-49912.314004610598	13856.439322753624	-1.300000000000
51100.000000000000	45000.000000000000	-49305.553469249004	13422.831187608212	-1.305000000000
50500.000000000000	46000.000000000000	-48792.340056443063	13021.426642899816	-1.310000000000
49300.000000000000	47000.000000000000	-47695.882472457953	12473.684105887793	-1.315000000000
48500.000000000000	48000.000000000000	-46834.864996827164	12599.421444216145	-1.308000000000
47900.000000000000	49000.000000000000	-46267.885027622484	12397.290634275989	-1.309000000000
47200.000000000000	50000.000000000000	-45591.736394650965	12216.119372397216	-1.309000000000
46100.000000000000	51000.000000000000	-44576.586440437459	11753.209830433881	-1.313000000000
45600.000000000000	52000.000000000000	-44069.769724049445	11713.897578058952	-1.311000000000
44700.000000000000	53000.000000000000	-43222.850626628075	11396.279380051941	-1.313000000000
44200.000000000000	54000.000000000000	-42772.987585178860	11140.535581296581	-1.316000000000
43400.000000000000	55000.000000000000	-41965.810228090791	11064.843961840139	-1.313000000000
42400.000000000000	56000.000000000000	-41094.483362271276	10440.471119063979	-1.322000000000
42200.000000000000	57000.000000000000	-40921.342091736013	10309.401602960015	-1.324000000000
41300.000000000000	58000.000000000000	-39860.522562740589	10808.734478432185	-1.306000000000
40600.000000000000	59000.000000000000	-39206.093172601708	10547.144549178874	-1.308000000000
40000.000000000000	60000.000000000000	-38718.648626616639	10043.219032192679	-1.317000000000
40000.000000000000	61000.000000000000	-38605.832990547780	10468.507969425844	-1.306000000000
38800.000000000000	62000.000000000000	-37406.740717359491	10304.161727391500	-1.302000000000
38600.000000000000	63000.000000000000	-37458.543213841236	9317.593052757164	-1.327000000000
38300.000000000000	64000.000000000000	-37073.106059985439	9616.382223324490	-1.317000000000
37900.000000000000	65000.000000000000	-36770.076198119299	9185.395820785341	-1.326000000000
37200.000000000000	66000.000000000000	-36063.735900473184	9123.976813918463	-1.323000000000
36800.000000000000	67000.000000000000	-35693.934169170883	8954.499624596288	-1.325000000000
36200.000000000000	68000.000000000000	-35103.141794332791	8843.609905856696	-1.324000000000
35800.000000000000	69000.000000000000	-34758.557104728861	8572.205550341347	-1.329000000000
35400.000000000000	70000.000000000000	-34353.171755698961	8545.150105378332	-1.327000000000
35000.000000000000	71000.000000000000	-33948.035215244046	8516.507795132340	-1.325000000000
34600.000000000000	72000.000000000000	-33568.460064773819	8385.612015809309	-1.326000000000
33600.000000000000	73000.000000000000	-32646.545817104874	7947.518242298793	-1.332000000000
34200.000000000000	74000.000000000000	-33308.751421282439	7756.744082101399	-1.342000000000
33300.000000000000	75000.000000000000	-32370.747196798602	7811.832430419597	-1.334000000000
32800.000000000000	76000.000000000000	-31749.291873825648	8235.439606397997	-1.317000000000
33000.000000000000	77000.000000000000	-32055.750155899266	7837.657937328235	-1.331000000000
32200.000000000000	78000.000000000000	-31278.641061210797	7647.654108544520	-1.331000000000
32000.000000000000	79000.000000000000	-31091.948397242737	7569.064992665517	-1.332000000000
31700.000000000000	80000.000000000000	-30770.222637602365	7621.246540585274	-1.328000000000
31300.000000000000	81000.000000000000	-30441.182619694529	7281.785544384551	-1.336000000000
30900.000000000000	82000.000000000000	-30030.456536672831	7278.851571436528	-1.333000000000
30700.000000000000	83000.000000000000	-29857.645572671630	7142.198601041717	-1.336000000000
30100.000000000000	84000.000000000000	-29260.044763472611	7061.145830499395	-1.334000000000
29900.000000000000	85000.000000000000	-29072.625555326984	6985.158789873601	-1.335000000000
29800.000000000000	86000.000000000000	-28989.258327999043	6903.832384446916	-1.337000000000
29500.000000000000	87000.000000000000	-28690.571478625832	6863.024714356047	-1.336000000000
29200.000000000000	88000.000000000000	-28378.295497438401	6878.396954237755	-1.333000000000
28900.000000000000	89000.000000000000	-28127.078233100434	6639.086538752726	-1.339000000000
28700.000000000000	90000.000000000000	-27932.427172663753	6593.141303190424	-1.339000000000
28300.000000000000	91000.000000000000	-27568.909641065413	6391.026615714446	-1.343000000000
28000.000000000000	92000.000000000000	-27282.969353376113	6295.997400153509	-1.344000000000
27900.000000000000	93000.000000000000	-27198.022821097453	6219.128124026891	-1.346000000000
27600.000000000000	94000.000000000000	-26911.709764774951	6125.347136001073	-1.347000000000
27300.000000000000	95000.000000000000	-26619.191180375223	6058.767275827147	-1.347000000000
27100.000000000000	96000.000000000000	-26436.154695821020	5961.520351271150	-1.349000000000
26700.000000000000	97000.000000000000	-26040.066601067727	5899.570443003215	-1.348000000000
26600.000000000000	98000.000000000000	-25936.647816775858	5903.414268754657	-1.347000000000
26300.000000000000	99000.000000000000	-25701.214407884468	5580.105550968717	-1.357000000000
26100.000000000000	100000.000000000000	-25489.040145671432	5614.163557677151	-1.354000000000
25800.000000000000	101000.000000000000	-25196.062672732678	5549.632942071667	-1.354000000000
25600.000000000000	102000.000000000000	-25006.238468682939	5481.609038171327	-1.355000000000
25300.000000000000	103000.000000000000	-24707.766884501427	5442.081916062526	-1.354000000000
25000.000000000000	104000.000000000000	-24409.399653764784	5401.963397024049	-1.353000000000
24800.000000000000	105000.000000000000	-24192.495810197834	5455.561059465849	-1.349000000000
24600.000000000000	106000.000000000000	-24018.849259304548	5315.531982671665	-1.353000000000
24400.000000000000	107000.000000000000	-23823.574062074429	5272.316275495473	-1.353000000000
24200.000000000000	108000.000000000000	-23617.793414097829	5276.346676346926	-1.351000000000
23900.000000000000	109000.000000000000	-23335.386068999134	5164.277007554992	-1.353000000000
23900.000000000000	110000.000000000000	-23345.667945371963	5117.595937980263	-1.355000000000
23700.000000000000	111000.000000000000	-23155.369902204562	5051.618027135373	-1.356000000000
23500.000000000000	112000.000000000000	-22929.498908926489	5146.657146686475	-1.350000000000
23300.000000000000	113000.000000000000	-22749.560477308780	5034.629886026414	-1.353000000000
23200.000000000000	114000.000000000000	-22656.924573930162	4990.367606824135	-1.354000000000
23000.000000000000	115000.000000000000	-22461.606258637661	4947.347196420478	-1.354000000000
22800.000000000000	116000.000000000000	-22271.181136170740	4882.058049621339	-1.355000000000
22300.000000000000	117000.000000000000	-21833.984086153450	4535.100762452570	-1.366000000000
22400.000000000000	118000.000000000000	-21904.167094551085	4686.946115967791	-1.360000000000
22300.000000000000	119000.000000000000	-21768.355054019797	4840.322121732270	-1.352000000000
22100.000000000000	120000.000000000000	-21592.138178848978	4710.580523193745	-1.356000000000
21900.000000000000	121000.000000000000	-21358.706313235325	4838.973509429603	-1.348000000000
21800.000000000000	122000.000000000000	-21284.996498082892	4710.512082204971	-1.353000000000
21500.000000000000	123000.000000000000	-20973.333061260218	4729.619466875636	-1.349000000000
21400.000000000000	124000.000000000000	-20894.446103622657	4624.080667852587	-1.353000000000
21200.000000000000	125000.000000000000	-20739.559823702697	4394.389413679321	-1.362000000000
21000.000000000000	126000.000000000000	-20348.218614591951	5191.338865145827	-1.321000000000
21000.000000000000	127000.000000000000	-20530.752372312785	4414.544939942613	-1.359000000000
20900.000000000000	128000.000000000000	-20446.075486574831	4332.204657825369	-1.362000000000
20700.000000000000	129000.000000000000	-20215.445632773895	4452.612476778430	-1.354000000000
20600.000000000000	130000.000000000000	-20139.690422363969	4330.458369657992	-1.359000000000
20400.000000000000	131000.000000000000	-19922.468159835142	4388.081861172946	-1.354000000000
20300.000000000000	132000.000000000000	-19871.640932908565	4148.238979802493	-1.365000000000
20200.000000000000	133000.000000000000	-19748.628472415156	4246.371799373371	-1.359000000000
20100.000000000000	134000.000000000000	-19646.627810044702	4244.998903837096	-1.358000000000
19900.000000000000	135000.000000000000	-19446.926491136917	4222.209143128421	-1.357000000000
19800.000000000000	136000.000000000000	-19365.852372254663	4123.561797286217	-1.361000000000
19700.000000000000	137000.000000000000	-19259.801034979137	4141.263586517594	-1.359000000000
19500.000000000000	138000.000000000000	-19068.359747488666	4080.153984882676	-1.360000000000
19400.000000000000	139000.000000000000	-18978.653800935488	4021.280878555606	-1.362000000000
19300.000000000000	140000.000000000000	-18872.786827001604	4038.306251704392	-1.360000000000
19200.000000000000	141000.000000000000	-18775.000366758071	4017.382385115250	-1.360000000000
19100.000000000000	142000.000000000000	-18681.201025760813	3977.779309503372	-1.361000000000
18900.000000000000	143000.000000000000	-18493.421633265716	3899.148149821904	-1.363000000000
18800.000000000000	144000.000000000000	-18387.779020120590	3915.301100453581	-1.361000000000
18700.000000000000	145000.000000000000	-18297.724049844917	3857.887322839661	-1.363000000000
18600.000000000000	146000.000000000000	-18196.028901927839	3855.454862945066	-1.362000000000
18400.000000000000	147000.000000000000	-17996.549679266962	3831.996821720526	-1.361000000000
18300.000000000000	148000.000000000000	-17902.544564799969	3793.270107091113	-1.362000000000
18200.000000000000	149000.000000000000	-17800.935008840148	3790.344682353998	-1.361000000000
18100.000000000000	150000.000000000000	-17703.127673626739	3769.518612670734	-1.361000000000
18000.000000000000	151000.000000000000	-17609.060227672104	3731.085351237160	-1.362000000000
17900.000000000000	152000.000000000000	-17511.232115296145	3710.357099285843	-1.362000000000
17800.000000000000	153000.000000000000	-17413.404002920190	3689.628847334525	-1.362000000000
17700.000000000000	154000.000000000000	-17319.236132740909	3651.583187928449	-1.363000000000
17600.000000000000	155000.000000000000	-17217.747778168279	3648.172343431890	-1.362000000000
17500.000000000000	156000.000000000000	-17119.919665792320	3627.444091480572	-1.362000000000
17400.000000000000	157000.000000000000	-17032.835085350198	3555.633411259280	-1.365000000000
17300.000000000000	158000.000000000000	-16924.263441040410	3585.987587577937	-1.362000000000
17200.000000000000	159000.000000000000	-16829.992174188905	3548.431120472843	-1.363000000000
17100.000000000000	160000.000000000000	-16739.165514913126	3494.329386927223	-1.365000000000
17000.000000000000	161000.000000000000	-16634.294590768106	3507.170293490601	-1.363000000000
16900.000000000000	162000.000000000000	-16539.924070134402	3470.001693686700	-1.364000000000
16800.000000000000	163000.000000000000	-16442.054696938343	3449.469139286186	-1.364000000000
16700.000000000000	164000.000000000000	-16347.606087663695	3412.590687817814	-1.365000000000
16600.000000000000	165000.000000000000	-16249.716230851338	3392.156013040462	-1.365000000000
16500.000000000000	166000.000000000000	-16148.446577350158	3387.871476084647	-1.364000000000
16500.000000000000	167000.000000000000	-16151.826374038981	3371.721338263110	-1.365000000000
16400.000000000000	168000.000000000000	-16063.918119476151	3303.109845398083	-1.368000000000
16300.000000000000	169000.000000000000	-15959.369533825169	3314.894279281475	-1.366000000000
16200.000000000000	170000.000000000000	-15861.459291286365	3294.557504561957	-1.366000000000
16100.000000000000	171000.000000000000	-15760.266946789550	3289.982639153701	-1.365000000000
16100.000000000000	172000.000000000000	-15763.549048747560	3274.220729842439	-1.366000000000
16000.000000000000	173000.000000000000	-15668.884856802812	3238.216691985811	-1.367000000000
15900.000000000000	174000.000000000000	-15554.669867777024	3295.792060259491	-1.362000000000
15800.000000000000	175000.000000000000	-15473.023796092777	3197.738983335988	-1.367000000000
15700.000000000000	176000.000000000000	-15368.707519540121	3208.243940044293	-1.365000000000
15600.000000000000	177000.000000000000	-15283.446699407146	3126.700655064502	-1.369000000000
15500.000000000000	178000.000000000000	-15182.361637309777	3121.841622175018	-1.368000000000
15500.000000000000	179000.000000000000	-15176.087593514731	3152.200081525329	-1.366000000000
15400.000000000000	180000.000000000000	-15081.301674672706	3116.783566036343	-1.367000000000
15400.000000000000	181000.000000000000	-15087.505075055773	3086.614749230342	-1.369000000000
15200.000000000000	182000.000000000000	-14882.356865898317	3091.189757366774	-1.366000000000
15100.000000000000	183000.000000000000	-14790.558756346945	3041.277967409211	-1.368000000000
15100.000000000000	184000.000000000000	-14796.611727119074	3011.690787063350	-1.370000000000
15000.000000000000	185000.000000000000	-14695.621826353026	3006.442937562021	-1.369000000000
14900.000000000000	186000.000000000000	-14600.630114839352	2971.800842863835	-1.370000000000
14900.000000000000	187000.000000000000	-14591.649022897618	3015.589294411786	-1.367000000000
14800.000000000000	188000.000000000000	-14493.718492542601	2995.350440086875	-1.367000000000
14800.000000000000	189000.000000000000	-14496.706595624821	2980.855226334856	-1.368000000000
14700.000000000000	190000.000000000000	-14404.648502559628	2931.910898664321	-1.370000000000
14600.000000000000	191000.000000000000	-14306.657696419767	2911.965926564564	-1.370000000000
14500.000000000000	192000.000000000000	-14202.854434902696	2920.432485260500	-1.368000000000
14400.000000000000	193000.000000000000	-14104.903714661987	2900.291571569048	-1.368000000000
14400.000000000000	194000.000000000000	-14110.676084140045	2872.075982365049	-1.370000000000
14300.000000000000	195000.000000000000	-14012.685278000183	2852.131010265292	-1.370000000000
14300.000000000000	196000.000000000000	-14012.685278000183	2852.131010265292	-1.370000000000
14200.000000000000	197000.000000000000	-13914.694471860321	2832.186038165535	-1.370000000000
14200.000000000000	198000.000000000000	-13911.855328947531	2846.099314225380	-1.369000000000
14000.000000000000	199000.000000000000	-13721.498295853326	2778.575987244963	-1.371000000000
14000.000000000000	200000.000000000000	-13718.712859580599	2792.296093966020	-1.370000000000
13900.000000000000	201000.000000000000	-13617.942892420471	2785.970455474139	-1.369000000000
13900.000000000000	202000.000000000000	-13626.239510552976	2745.104151219945	-1.372000000000
13800.000000000000	203000.000000000000	-13525.476891626849	2738.882044570034	-1.371000000000
13700.000000000000	204000.000000000000	-13430.178510401134	2705.606249763543	-1.372000000000
13700.000000000000	205000.000000000000	-13427.466189513610	2719.035073232571	-1.371000000000
13600.000000000000	206000.000000000000	-13332.148010325214	2685.857299035342	-1.372000000000
13600.000000000000	207000.000000000000	-13329.455487400373	2699.188101895106	-1.371000000000
13500.000000000000	208000.000000000000	-13236.777001095046	2652.872899948516	-1.373000000000
13400.000000000000	209000.000000000000	-13133.434083173897	2659.494159220179	-1.371000000000
13400.000000000000	210000.000000000000	-13136.087010173373	2646.359397578939	-1.372000000000
13300.000000000000	211000.000000000000	-13035.423381060658	2639.647187882714	-1.371000000000
13300.000000000000	212000.000000000000	-13038.056510097451	2626.610446850739	-1.372000000000
13200.000000000000	213000.000000000000	-12937.412678947421	2619.800216545250	-1.371000000000
13200.000000000000	214000.000000000000	-12942.626401070713	2593.920168838549	-1.373000000000
13100.000000000000	215000.000000000000	-12841.995509945611	2587.112545394336	-1.372000000000
13100.000000000000	216000.000000000000	-12839.401976834182	2599.953245207786	-1.371000000000
13000.000000000000	217000.000000000000	-12743.965009869689	2567.363594666136	-1.372000000000
12900.000000000000	218000.000000000000	-12648.475801046377	2534.967437728582	-1.373000000000
12900.000000000000	219000.000000000000	-12648.475801046377	2534.967437728582	-1.373000000000
12900.000000000000	220000.000000000000	-12643.380572607706	2560.259302532858	-1.371000000000
12800.000000000000	221000.000000000000	-12550.425601038267	2515.316527358593	-1.373000000000
12700.000000000000	222000.000000000000	-12449.873509641928	2508.116742481533	-1.372000000000
12700.000000000000	223000.000000000000	-12452.375401030155	2495.665616988604	-1.373000000000
12600.000000000000	224000.000000000000	-12354.325201022044	2476.014706618615	-1.373000000000
12600.000000000000	225000.000000000000	-12354.325201022044	2476.014706618615	-1.373000000000
12500.000000000000	226000.000000000000	-12253.812509490086	2468.618841025130	-1.372000000000
12500.000000000000	227000.000000000000	-12256.275001013932	2456.363796248626	-1.373000000000
12400.000000000000	228000.000000000000	-12155.782009414166	2448.869890296929	-1.372000000000
12400.000000000000	229000.000000000000	-12158.224801005821	2436.712885878637	-1.373000000000
12300.000000000000	230000.000000000000	-12062.585632483577	2405.000594386791	-1.374000000000
12300.000000000000	231000.000000000000	-12062.585632483577	2405.000594386791	-1.374000000000
12200.000000000000	232000.000000000000	-11962.124400989598	2397.411065138659	-1.373000000000
12200.000000000000	233000.000000000000	-11964.515830593466	2385.447744025922	-1.374000000000
12100.000000000000	234000.000000000000	-11868.805989980183	2354.027266666745	-1.375000000000
12100.000000000000	235000.000000000000	-11864.074200981486	2377.760154768670	-1.373000000000
12000.000000000000	236000.000000000000	-11768.376226813245	2346.342043304186	-1.374000000000
12000.000000000000	237000.000000000000	-11768.376226813245	2346.342043304186	-1.374000000000
12000.000000000000	238000.000000000000	-11770.716684277868	2334.572495867846	-1.375000000000
11900.000000000000	239000.000000000000	-11670.306424923134	2326.789192943318	-1.374000000000
11800.000000000000	240000.000000000000	-11572.236623033024	2307.236342582450	-1.374000000000
11800.000000000000	241000.000000000000	-11572.236623033024	2307.236342582450	-1.374000000000
11800.000000000000	242000.000000000000	-11572.236623033024	2307.236342582450	-1.374000000000
11700.000000000000	243000.000000000000	-11471.873400949040	2299.156513288714	-1.373000000000
11700.000000000000	244000.000000000000	-11471.873400949040	2299.156513288714	-1.373000000000
11600.000000000000	245000.000000000000	-11378.359461468606	2256.753412672251	-1.375000000000
11600.000000000000	246000.000000000000	-11376.097019252804	2268.130641860713	-1.374000000000
11500.000000000000	247000.000000000000	-11278.027217362693	2248.577791499845	-1.374000000000
11500.000000000000	248000.000000000000	-11280.270155766289	2237.298641873353	-1.375000000000
11500.000000000000	249000.000000000000	-11275.773000932817	2259.854692548736	-1.373000000000
11400.000000000000	250000.000000000000	-11184.393102475449	2206.660583166245	-1.376000000000
11400.000000000000	251000.000000000000	-11182.180850063974	2217.843871074454	-1.375000000000
11400.000000000000	252000.000000000000	-11182.180850063974	2217.843871074454	-1.375000000000
11300.000000000000	253000.000000000000	-11081.887613582472	2209.472090778109	-1.374000000000
11300.000000000000	254000.000000000000	-11081.887613582472	2209.472090778109	-1.374000000000
11200.000000000000	255000.000000000000	-10988.175679625003	2167.947239601925	-1.376000000000
11200.000000000000	256000.000000000000	-10983.817811692363	2189.919240417240	-1.374000000000
11100.000000000000	257000.000000000000	-10890.066968199779	2148.590567819765	-1.376000000000
11100.000000000000	258000.000000000000	-10890.066968199779	2148.590567819765	-1.376000000000
11100.000000000000	259000.000000000000	-10887.912932957028	2159.479558677758	-1.375000000000
11000.000000000000	260000.000000000000	-10791.958256774556	2129.233896037605	-1.376000000000
10950.000000000000	261000.000000000000	-10740.778974403554	2130.297402479410	-1.375000000000
10920.000000000000	262000.000000000000	-10713.471287634378	2113.748558611876	-1.376000000000
10900.000000000000	263000.000000000000	-10693.849545349332	2109.877224255445	-1.376000000000
10840.000000000000	264000.000000000000	-10630.766524887964	2119.528979118115	-1.374000000000
10820.000000000000	265000.000000000000	-10613.262876990544	2105.006200440841	-1.375000000000
10760.000000000000	266000.000000000000	-10554.409293569155	2093.333337961502	-1.375000000000
10740.000000000000	267000.000000000000	-10532.696722997855	2099.976128757246	-1.374000000000
10700.000000000000	268000.000000000000	-10495.555710147766	2081.660475482163	-1.375000000000
10660.000000000000	269000.000000000000	-10456.319987866840	2073.878567162603	-1.375000000000
10630.000000000000	270000.000000000000	-10426.893196156145	2068.042135922934	-1.375000000000
10600.000000000000	271000.000000000000	-10397.466404445449	2062.205704683264	-1.375000000000
10560.000000000000	272000.000000000000	-10358.230682164523	2054.423796363705	-1.375000000000
10530.000000000000	273000.000000000000	-10330.847313076007	2038.257538661452	-1.376000000000
10490.000000000000	274000.000000000000	-10291.603828505918	2030.514869948589	-1.376000000000
10440.000000000000	275000.000000000000	-10240.523515321745	2031.078071405026	-1.375000000000
10430.000000000000	276000.000000000000	-10230.714584751513	2029.132594325136	-1.375000000000
10380.000000000000	277000.000000000000	-10181.669931900356	2019.405208925687	-1.375000000000
10330.000000000000	278000.000000000000	-10134.629890225560	1999.544195097132	-1.376000000000
10310.000000000000	279000.000000000000	-10115.008147940516	1995.672860740700	-1.376000000000
10280.000000000000	280000.000000000000	-10085.575534512949	1989.865859206052	-1.376000000000
10240.000000000000	281000.000000000000	-10042.347713547302	2002.211876952906	-1.374000000000
10220.000000000000	282000.000000000000	-10036.476192107237	1928.093785391318	-1.381000000000
10190.000000000000	283000.000000000000	-9995.300251065955	1982.441144407779	-1.375000000000
10150.000000000000	284000.000000000000	-9956.064528785029	1974.659236088220	-1.375000000000
10110.000000000000	285000.000000000000	-9916.828806504103	1966.877327768661	-1.375000000000
10080.000000000000	286000.000000000000	-9889.358111662503	1951.152515641732	-1.376000000000
10050.000000000000	287000.000000000000	-9859.925498234936	1945.345514107084	-1.376000000000
10000.000000000000	288000.000000000000	-9810.871142522325	1935.667178216004	-1.376000000000
9980.000000000000	289000.000000000000	-9793.176300134881	1922.003630193367	-1.377000000000
9940.000000000000	290000.000000000000	-9752.005915667190	1924.053175146708	-1.376000000000
9920.000000000000	291000.000000000000	-9732.384173382145	1920.181840790276	-1.376000000000
9900.000000000000	292000.000000000000	-9714.673884903339	1906.596787466366	-1.377000000000
9860.000000000000	293000.000000000000	-9673.518946527010	1908.567837720980	-1.376000000000
9830.000000000000	294000.000000000000	-9642.178750537620	1912.403969531744	-1.375000000000
9800.000000000000	295000.000000000000	-9612.751958826926	1906.567538292074	-1.375000000000
9770.000000000000	296000.000000000000	-9585.221106244311	1891.146833117036	-1.376000000000
9740.000000000000	297000.000000000000	-9555.788492816744	1885.339831582388	-1.376000000000
9710.000000000000	298000.000000000000	-9526.355879389177	1879.532830047740	-1.376000000000
9660.000000000000	298999.999999999999	-9477.301523676564	1869.854494156660	-1.376000000000
9640.000000000000	299999.999999999999	-9457.679781391520	1865.983159800228	-1.376000000000
9620.000000000000	300999.999999999999	-9438.058039106476	1862.111825443796	-1.376000000000
9580.000000000000	301999.999999999999	-9396.955486281831	1863.767042534497	-1.375000000000
9560.000000000000	302999.999999999999	-9379.192812251342	1850.497822374500	-1.376000000000
9530.000000000000	303999.999999999999	-9347.910833430673	1854.039657135048	-1.375000000000
9490.000000000000	304999.999999999999	-9308.675111149747	1846.257748815488	-1.375000000000
9470.000000000000	305999.999999999999	-9290.894971968641	1833.076817770556	-1.376000000000
9450.000000000000	306999.999999999999	-9271.273229683597	1829.205483414124	-1.376000000000
9410.000000000000	307999.999999999999	-9230.203666587895	1830.693932176369	-1.375000000000
9390.000000000000	308999.999999999999	-9212.408002828462	1817.591480344828	-1.376000000000
9350.000000000000	309999.999999999999	-9174.969780186486	1800.674743718235	-1.377000000000
9320.000000000000	310999.999999999999	-9143.731904830805	1804.041810097316	-1.376000000000
9290.000000000000	311999.999999999999	-9112.496499745115	1807.348207217691	-1.375000000000
9280.000000000000	312999.999999999999	-9104.488420260717	1796.299141384452	-1.376000000000
9250.000000000000	313999.999999999999	-9075.055806833150	1790.492139849804	-1.376000000000
9220.000000000000	314999.999999999999	-9043.833985753496	1793.729867658462	-1.375000000000
9190.000000000000	315999.999999999999	-9014.407194042800	1787.893436418792	-1.375000000000
9160.000000000000	316999.999999999999	-8986.757966550449	1773.071135245860	-1.376000000000
9150.000000000000	317999.999999999999	-8976.947095407926	1771.135468067644	-1.376000000000
9110.000000000000	318999.999999999999	-8937.703610837838	1763.392799354780	-1.376000000000
9080.000000000000	319999.999999999999	-8908.270997410271	1757.585797820132	-1.376000000000
9050.000000000000	320999.999999999999	-8877.082166059559	1760.656757300334	-1.375000000000
9030.000000000000	321999.999999999999	-8857.464304919096	1756.765803140554	-1.375000000000
9000.000000000000	322999.999999999999	-8829.784028270091	1742.100460394404	-1.376000000000
8990.000000000000	323999.999999999999	-8821.708911644546	1731.343951446731	-1.377000000000
8950.000000000000	324999.999999999999	-8780.729672557480	1732.422124503324	-1.376000000000
8930.000000000000	325999.999999999999	-8761.107930272436	1728.550790146892	-1.376000000000
8910.000000000000	326999.999999999999	-8741.486187987390	1724.679455790460	-1.376000000000
8880.000000000000	327999.999999999999	-8710.330346365623	1727.583646942206	-1.375000000000
8870.000000000000	328999.999999999999	-8702.242703417302	1716.936787077596	-1.376000000000
8840.000000000000	329999.999999999999	-8674.516883085405	1702.456121333604	-1.377000000000
8810.000000000000	330999.999999999999	-8641.667832374002	1713.965307382977	-1.375000000000
8780.000000000000	331999.999999999999	-8613.944863134600	1699.515782473652	-1.376000000000
8750.000000000000	332999.999999999999	-8582.814248952613	1702.292444903638	-1.375000000000
8740.000000000000	333999.999999999999	-8574.701378564510	1691.773113760788	-1.376000000000
8710.000000000000	334999.999999999999	-8545.268765136943	1685.966112226140	-1.376000000000
8680.000000000000	335999.999999999999	-8515.836151709376	1680.159110691492	-1.376000000000
8660.000000000000	336999.999999999999	-8496.214409424332	1676.287776335060	-1.376000000000
8630.000000000000	337999.999999999999	-8466.781795996765	1670.480774800412	-1.376000000000
8610.000000000000	338999.999999999999	-8447.160053711721	1666.609440443980	-1.376000000000
8580.000000000000	339999.999999999999	-8417.727440284154	1660.802438909332	-1.376000000000
8570.000000000000	340999.999999999999	-8406.253498688444	1667.273857465620	-1.375000000000
8550.000000000000	341999.999999999999	-8388.294826856587	1654.995437374684	-1.376000000000
8520.000000000000	342999.999999999999	-8357.208845837285	1657.546472066171	-1.375000000000
8490.000000000000	343999.999999999999	-8327.782054126592	1651.710040826501	-1.375000000000
8470.000000000000	344999.999999999999	-8309.807857716409	1639.510099948956	-1.376000000000
8440.000000000000	345999.999999999999	-8280.375244288842	1633.703098414308	-1.376000000000
8430.000000000000	346999.999999999999	-8268.928470705203	1640.037178347162	-1.375000000000
8410.000000000000	347999.999999999999	-8249.310609564740	1636.146224187382	-1.375000000000
8380.000000000000	348999.999999999999	-8218.249398391250	1638.528860240757	-1.374000000000
8360.000000000000	349999.999999999999	-8201.888275148664	1618.217760988580	-1.376000000000
8340.000000000000	350999.999999999999	-8177.386680676495	1638.885924857083	-1.373000000000
8320.000000000000	351999.999999999999	-8164.251184080382	1602.311643608098	-1.377000000000
8300.000000000000	352999.999999999999	-8141.412373292192	1614.745976308594	-1.375000000000
8280.000000000000	353999.999999999999	-8118.556560671628	1627.095378635090	-1.373000000000
8260.000000000000	354999.999999999999	-8102.176651011266	1606.964067989034	-1.375000000000
8220.000000000000	355999.999999999999	-8064.536079153350	1591.118420493556	-1.376000000000
8200.000000000000	356999.999999999999	-8044.914336868305	1587.247086137123	-1.376000000000
8180.000000000000	357999.999999999999	-8023.705206449414	1591.400251349915	-1.375000000000
8170.000000000000	358999.999999999999	-8013.896275879181	1589.454774270025	-1.375000000000
8150.000000000000	359999.999999999999	-7994.278414738718	1585.563820110246	-1.375000000000
8120.000000000000	360999.999999999999	-7963.267913476962	1587.691449302499	-1.374000000000
8110.000000000000	361999.999999999999	-7955.042692457792	1577.781911790686	-1.375000000000
8080.000000000000	362999.999999999999	-7925.615900747098	1571.945480551017	-1.375000000000
8060.000000000000	363999.999999999999	-7904.426032342896	1575.959739085978	-1.374000000000
8050.000000000000	364999.999999999999	-7896.189109036403	1566.109049311347	-1.375000000000
8020.000000000000	365999.999999999999	-7865.198111586852	1568.138598941631	-1.374000000000
7990.000000000000	366999.999999999999	-7838.886042875337	1546.598075394587	-1.376000000000
7980.000000000000	367999.999999999999	-7825.970190830808	1560.317458797284	-1.374000000000
7950.000000000000	368999.999999999999	-7796.549250263774	1554.451603689023	-1.374000000000
7940.000000000000	369999.999999999999	-7788.290872763856	1544.708801432558	-1.375000000000
7910.000000000000	370999.999999999999	-7758.864081053161	1538.872370192889	-1.375000000000
7900.000000000000	371999.999999999999	-7749.055150482930	1536.926893112999	-1.375000000000
7870.000000000000	372999.999999999999	-7718.093408751686	1538.809323400329	-1.374000000000
7870.000000000000	373999.999999999999	-7719.628358772235	1531.090461873329	-1.375000000000
7840.000000000000	374999.999999999999	-7688.672468184654	1532.943468292068	-1.374000000000
7820.000000000000	375999.999999999999	-7669.058507806631	1529.032898219895	-1.374000000000
7800.000000000000	376999.999999999999	-7650.965844780614	1517.472122314100	-1.375000000000
7770.000000000000	377999.999999999999	-7621.539053069920	1511.635691074430	-1.375000000000
7760.000000000000	378999.999999999999	-7611.730122499688	1509.690213994540	-1.375000000000
7740.000000000000	379999.999999999999	-7590.602666294543	1513.390617931200	-1.374000000000
7730.000000000000	380999.999999999999	-7580.795686105532	1511.435332895113	-1.374000000000
7710.000000000000	381999.999999999999	-7561.181725727510	1507.524762822940	-1.374000000000
7690.000000000000	382999.999999999999	-7541.567765349488	1503.614192750766	-1.374000000000
7670.000000000000	383999.999999999999	-7521.953804971466	1499.703622678592	-1.374000000000
7650.000000000000	384999.999999999999	-7500.840300620526	1503.294643304159	-1.373000000000
7630.000000000000	385999.999999999999	-7482.725884215421	1491.882482534245	-1.374000000000
7610.000000000000	386999.999999999999	-7463.111923837399	1487.971912462071	-1.374000000000
7600.000000000000	387999.999999999999	-7453.304943648389	1486.016627425985	-1.374000000000
7590.000000000000	388999.999999999999	-7442.010180615659	1491.504097082166	-1.373000000000
7560.000000000000	389999.999999999999	-7412.595120613226	1485.608823971169	-1.373000000000
7540.000000000000	390999.999999999999	-7394.463062514323	1474.284917209464	-1.374000000000
7520.000000000000	391999.999999999999	-7373.375040609982	1477.748459823173	-1.373000000000
7500.000000000000	392999.999999999999	-7355.235141758279	1466.463777065116	-1.374000000000
7500.000000000000	393999.999999999999	-7355.235141758279	1466.463777065116	-1.374000000000
7470.000000000000	394999.999999999999	-7324.349940605925	1467.923004638179	-1.373000000000
7450.000000000000	395999.999999999999	-7304.739900604303	1463.992822564181	-1.373000000000
7430.000000000000	396999.999999999999	-7283.666155640907	1467.347039105337	-1.372000000000
7410.000000000000	397999.999999999999	-7265.519820601059	1456.132458416185	-1.373000000000
7400.000000000000	398999.999999999999	-7255.714800600248	1454.167367379187	-1.373000000000
7380.000000000000	399999.999999999999	-7236.104760598625	1450.237185305189	-1.373000000000
7370.000000000000	400999.999999999999	-7227.744399301135	1441.045071595988	-1.374000000000
7350.000000000000	401999.999999999999	-7205.241755580170	1451.547878522776	-1.372000000000
7330.000000000000	402999.999999999999	-7187.079660594570	1440.411730120194	-1.373000000000
7310.000000000000	403999.999999999999	-7167.469620592948	1436.481548046196	-1.373000000000
7300.000000000000	404999.999999999999	-7156.226505542210	1441.673403158676	-1.372000000000
7280.000000000000	405999.999999999999	-7136.620405527026	1437.723613013036	-1.372000000000
7260.000000000000	406999.999999999999	-7117.014305511842	1433.773822867396	-1.372000000000
7260.000000000000	407999.999999999999	-7117.014305511842	1433.773822867396	-1.372000000000
7230.000000000000	408999.999999999999	-7087.605155489065	1427.849137648935	-1.372000000000
7210.000000000000	409999.999999999999	-7067.999055473882	1423.899347503295	-1.372000000000
7200.000000000000	410999.999999999999	-7058.196005466290	1421.924452430475	-1.372000000000
7190.000000000000	411999.999999999999	-7048.392955458698	1419.949557357655	-1.372000000000
7170.000000000000	412999.999999999999	-7028.786855443514	1415.999767212015	-1.372000000000
7150.000000000000	413999.999999999999	-7007.765201096519	1419.058450628677	-1.371000000000
7120.000000000000	414999.999999999999	-6979.771605405553	1406.125291847914	-1.372000000000
7120.000000000000	415999.999999999999	-6979.771605405553	1406.125291847914	-1.372000000000
7110.000000000000	416999.999999999999	-6969.968555397961	1404.150396775094	-1.372000000000
7090.000000000000	417999.999999999999	-6950.362455382777	1400.200606629454	-1.372000000000
7080.000000000000	418999.999999999999	-6939.157709617253	1405.165570692452	-1.371000000000
7050.000000000000	419999.999999999999	-6911.150255352409	1392.301026338173	-1.372000000000
7040.000000000000	420999.999999999999	-6901.347205344817	1390.326131265353	-1.372000000000
7020.000000000000	421999.999999999999	-6881.741105329633	1386.376341119713	-1.372000000000
7000.000000000000	422999.999999999999	-6860.749147926663	1389.287993622481	-1.371000000000
6990.000000000000	423999.999999999999	-6850.948077715339	1387.303296488735	-1.371000000000
6980.000000000000	424999.999999999999	-6841.147007504015	1385.318599354988	-1.371000000000
6970.000000000000	425999.999999999999	-6831.345937292691	1383.333902221242	-1.371000000000
6950.000000000000	426999.999999999999	-6813.119755276488	1372.552075609972	-1.372000000000
6940.000000000000	427999.999999999999	-6801.942726658720	1377.379810820003	-1.371000000000
6920.000000000000	428999.999999999999	-6782.340586236072	1373.410416552510	-1.371000000000
6900.000000000000	429999.999999999999	-6761.365623650438	1376.203074883253	-1.370000000000
6900.000000000000	430999.999999999999	-6762.738445813425	1369.441022285017	-1.371000000000
6870.000000000000	431999.999999999999	-6731.968381808480	1370.219583253325	-1.370000000000
6860.000000000000	432999.999999999999	-6723.534164968130	1361.502233750032	-1.371000000000
6840.000000000000	433999.999999999999	-6702.571139966522	1364.236091623398	-1.370000000000
6830.000000000000	434999.999999999999	-6692.772059352535	1362.241594413422	-1.370000000000
6810.000000000000	435999.999999999999	-6673.173898124563	1358.252599993471	-1.370000000000
6800.000000000000	436999.999999999999	-6664.727743700187	1349.594050947553	-1.371000000000
6790.000000000000	437999.999999999999	-6654.926673488862	1347.609353813807	-1.371000000000
6770.000000000000	438999.999999999999	-6633.977575668618	1350.274611153568	-1.370000000000
6760.000000000000	439999.999999999999	-6624.178495054632	1348.280113943593	-1.370000000000
6740.000000000000	440999.999999999999	-6604.580333826660	1344.291119523641	-1.370000000000
6730.000000000000	441999.999999999999	-6594.781253212674	1342.296622313665	-1.370000000000
6710.000000000000	442999.999999999999	-6573.841496988587	1344.882140736077	-1.369000000000
6690.000000000000	443999.999999999999	-6554.247334553450	1340.873550152661	-1.369000000000
6680.000000000000	444999.999999999999	-6545.785850142743	1332.324136263787	-1.370000000000
6670.000000000000	445999.999999999999	-6535.986769528757	1330.329639053811	-1.370000000000
6660.000000000000	446999.999999999999	-6526.187688914771	1328.335141843835	-1.370000000000
6640.000000000000	447999.999999999999	-6505.261928465606	1330.852073694121	-1.369000000000
6630.000000000000	448999.999999999999	-6495.464847248038	1328.847778402413	-1.369000000000
6620.000000000000	449999.999999999999	-6485.667766030469	1326.843483110705	-1.369000000000
6600.000000000000	450999.999999999999	-6464.747535886744	1329.300303635814	-1.368000000000
6580.000000000000	451999.999999999999	-6446.479441160194	1318.826301943873	-1.369000000000
6570.000000000000	452999.999999999999	-6435.362319814531	1323.258029528378	-1.368000000000
6560.000000000000	453999.999999999999	-6428.196882774909	1308.390169744078	-1.370000000000
6550.000000000000	454999.999999999999	-6418.397802160923	1306.395672534102	-1.370000000000
6530.000000000000	455999.999999999999	-6398.799640932951	1302.406678114151	-1.370000000000
6520.000000000000	456999.999999999999	-6387.696953854782	1306.800530193625	-1.369000000000
6500.000000000000	457999.999999999999	-6368.102791419645	1302.791939610209	-1.369000000000
6490.000000000000	458999.999999999999	-6357.001743621965	1307.145298575217	-1.368000000000
6480.000000000000	459999.999999999999	-6347.206671597894	1305.131207206072	-1.368000000000
6470.000000000000	460999.999999999999	-6337.411599573823	1303.117115836927	-1.368000000000
6450.000000000000	461999.999999999999	-6317.821455525682	1299.088933098636	-1.368000000000
6440.000000000000	462999.999999999999	-6308.026383501611	1297.074841729491	-1.368000000000
6430.000000000000	463999.999999999999	-6299.523222896663	1288.761872568253	-1.369000000000
6410.000000000000	464999.999999999999	-6278.641167429399	1291.032567622056	-1.368000000000
6400.000000000000	465999.999999999999	-6268.846095405328	1289.018476252910	-1.368000000000
6390.000000000000	466999.999999999999	-6257.760889685623	1293.262791361833	-1.367000000000
6370.000000000000	467999.999999999999	-6238.174783614620	1289.215020496851	-1.367000000000
6370.000000000000	468999.999999999999	-6239.460879333115	1282.976202145475	-1.368000000000
6350.000000000000	469999.999999999999	-6218.588677543616	1285.167249631869	-1.367000000000
6340.000000000000	470999.999999999999	-6208.795624508114	1283.143364199378	-1.367000000000
6320.000000000000	471999.999999999999	-6189.209518437111	1279.095593334395	-1.367000000000
6310.000000000000	472999.999999999999	-6178.136304198578	1283.250484801602	-1.366000000000
6300.000000000000	473999.999999999999	-6170.895375164619	1268.877562561459	-1.368000000000
6290.000000000000	474999.999999999999	-6158.554255690817	1279.183129857698	-1.366000000000
6280.000000000000	475999.999999999999	-6150.037306295104	1271.000051604431	-1.367000000000
6260.000000000000	476999.999999999999	-6129.181182929176	1273.082097441843	-1.366000000000
6250.000000000000	477999.999999999999	-6120.658147188598	1264.928395306957	-1.367000000000
6240.000000000000	478999.999999999999	-6109.599134421414	1269.014742497939	-1.366000000000
6220.000000000000	479999.999999999999	-6090.017085913653	1264.947387554035	-1.366000000000
6220.000000000000	480999.999999999999	-6091.278988082093	1258.856739009484	-1.367000000000
6200.000000000000	481999.999999999999	-6071.692882011090	1254.808968144502	-1.367000000000
6190.000000000000	482999.999999999999	-6060.644013152012	1258.846355138180	-1.366000000000
6180.000000000000	483999.999999999999	-6050.852988898131	1256.812677666228	-1.366000000000
6170.000000000000	484999.999999999999	-6042.313722904584	1248.737311847028	-1.367000000000
6150.000000000000	485999.999999999999	-6021.479916136490	1250.711645250373	-1.366000000000
6140.000000000000	486999.999999999999	-6011.688891882610	1248.677967778421	-1.366000000000
6130.000000000000	487999.999999999999	-6001.897867628729	1246.644290306469	-1.366000000000
6120.000000000000	488999.999999999999	-5992.106843374849	1244.610612834517	-1.366000000000
6110.000000000000	489999.999999999999	-5982.315819120968	1242.576935362565	-1.366000000000
6100.000000000000	490999.999999999999	-5971.281265553805	1246.515161418483	-1.365000000000
6080.000000000000	491999.999999999999	-5951.703294191333	1242.428226463013	-1.365000000000
6070.000000000000	492999.999999999999	-5943.151722105446	1234.442225474758	-1.366000000000
6060.000000000000	493999.999999999999	-5932.125322828861	1238.341291507542	-1.365000000000
6050.000000000000	494999.999999999999	-5922.336337147626	1236.297824029807	-1.365000000000
6030.000000000000	495999.999999999999	-5903.987625089924	1226.307515586951	-1.366000000000
6020.000000000000	496999.999999999999	-5892.969380103919	1230.167421596601	-1.365000000000
6020.000000000000	497999.999999999999	-5891.736266402906	1236.059774910884	-1.364000000000
6010.000000000000	498999.999999999999	-5883.180394422683	1228.123954118866	-1.365000000000
6000.000000000000	499999.999999999999	-5873.391408741448	1226.080486641131	-1.365000000000
5980.000000000000	500999.999999999999	-5852.588517124481	1227.846753150678	-1.364000000000
5960.000000000000	501999.999999999999	-5833.014642485269	1223.740242270576	-1.364000000000
5960.000000000000	502999.999999999999	-5834.235466016505	1217.906616730190	-1.365000000000
5950.000000000000	503999.999999999999	-5823.227705165663	1221.686986830524	-1.364000000000
5930.000000000000	504999.999999999999	-5802.433348426756	1223.383520023486	-1.363000000000
5920.000000000000	505999.999999999999	-5793.866893206844	1215.527220510370	-1.364000000000
5910.000000000000	506999.999999999999	-5784.079955887239	1213.473965070319	-1.364000000000
5900.000000000000	507999.999999999999	-5774.293018567632	1211.420709630268	-1.364000000000
5890.000000000000	508999.999999999999	-5763.293831742596	1215.131354627038	-1.363000000000
5880.000000000000	509999.999999999999	-5754.719143928420	1207.314198750165	-1.364000000000
5870.000000000000	510999.999999999999	-5743.724073400516	1211.005271928813	-1.363000000000
5860.000000000000	511999.999999999999	-5733.939194229476	1208.942230579701	-1.363000000000
5850.000000000000	512999.999999999999	-5724.154315058436	1206.879189230589	-1.363000000000
5840.000000000000	513999.999999999999	-5714.369435887396	1204.816147881477	-1.363000000000
5830.000000000000	514999.999999999999	-5704.584556716356	1202.753106532365	-1.363000000000
5820.000000000000	515999.999999999999	-5694.799677545316	1200.690065183253	-1.363000000000
5810.000000000000	516999.999999999999	-5685.014798374276	1198.627023834141	-1.363000000000
5790.000000000000	517999.999999999999	-5664.247706567859	1200.165787981286	-1.362000000000
5780.000000000000	518999.999999999999	-5655.660160861155	1192.437899786804	-1.363000000000
5780.000000000000	519999.999999999999	-5654.464895330264	1198.092962786155	-1.362000000000
5760.000000000000	520999.999999999999	-5636.090402519076	1188.311817088580	-1.363000000000
5750.000000000000	521999.999999999999	-5625.116461617477	1191.874487200759	-1.362000000000
5750.000000000000	522999.999999999999	-5625.116461617477	1191.874487200759	-1.362000000000
5730.000000000000	523999.999999999999	-5605.550839142285	1187.728836810496	-1.362000000000
5720.000000000000	524999.999999999999	-5595.768027904690	1185.656011615364	-1.362000000000
5710.000000000000	525999.999999999999	-5585.985216667094	1183.583186420232	-1.362000000000
5700.000000000000	526999.999999999999	-5576.202405429499	1181.510361225101	-1.362000000000
5690.000000000000	527999.999999999999	-5567.596248321795	1173.870527644795	-1.363000000000
5680.000000000000	528999.999999999999	-5556.636782954308	1177.364710834837	-1.362000000000
5670.000000000000	529999.999999999999	-5545.675906600200	1180.838151041053	-1.361000000000
5660.000000000000	530999.999999999999	-5535.895173078859	1178.755544072727	-1.361000000000
5650.000000000000	531999.999999999999	-5526.114439557518	1176.672937104400	-1.361000000000
5640.000000000000	532999.999999999999	-5517.505538003926	1169.073410054310	-1.362000000000
5630.000000000000	533999.999999999999	-5506.552972514836	1172.507723167748	-1.361000000000
5620.000000000000	534999.999999999999	-5496.772238993496	1170.425116199421	-1.361000000000
5610.000000000000	535999.999999999999	-5486.991505472155	1168.342509231095	-1.361000000000
5600.000000000000	536999.999999999999	-5477.210771950814	1166.259902262769	-1.361000000000
5600.000000000000	537999.999999999999	-5477.210771950814	1166.259902262769	-1.361000000000
5580.000000000000	538999.999999999999	-5456.484481589065	1167.551755674119	-1.360000000000
5580.000000000000	539999.999999999999	-5456.484481589065	1167.551755674119	-1.360000000000
5570.000000000000	540999.999999999999	-5446.705835564711	1165.459369015205	-1.360000000000
5560.000000000000	541999.999999999999	-5436.927189540358	1163.366982356291	-1.360000000000
5550.000000000000	542999.999999999999	-5427.148543516005	1161.274595697377	-1.360000000000
5540.000000000000	543999.999999999999	-5418.526370822769	1153.764260452811	-1.361000000000
5520.000000000000	544999.999999999999	-5396.654909293647	1160.394669927773	-1.359000000000
5510.000000000000	545999.999999999999	-5388.033959418593	1152.905049061720	-1.360000000000
5510.000000000000	546999.999999999999	-5388.033959418593	1152.905049061720	-1.360000000000
5500.000000000000	547999.999999999999	-5377.101811796206	1156.190341413542	-1.359000000000
5490.000000000000	548999.999999999999	-5367.325263047485	1154.088177156426	-1.359000000000
5480.000000000000	549999.999999999999	-5357.548714298765	1151.986012899310	-1.359000000000
5470.000000000000	550999.999999999999	-5347.772165550045	1149.883848642195	-1.359000000000
5460.000000000000	551999.999999999999	-5337.995616801324	1147.781684385079	-1.359000000000
5450.000000000000	552999.999999999999	-5327.070724614110	1151.007165468267	-1.358000000000
5440.000000000000	553999.999999999999	-5318.442519303883	1143.577355870848	-1.359000000000
5430.000000000000	554999.999999999999	-5309.804791223767	1136.165955790407	-1.360000000000
5430.000000000000	555999.999999999999	-5307.521841221031	1146.783285961962	-1.358000000000
5410.000000000000	556999.999999999999	-5287.972957827952	1142.559406455656	-1.358000000000
5410.000000000000	557999.999999999999	-5287.972957827952	1142.559406455656	-1.358000000000
5390.000000000000	558999.999999999999	-5269.559775560281	1133.066534585271	-1.359000000000
5390.000000000000	559999.999999999999	-5268.424074434873	1138.335526949350	-1.358000000000
5370.000000000000	560999.999999999999	-5248.875191041793	1134.111647443045	-1.358000000000
5370.000000000000	561999.999999999999	-5248.875191041793	1134.111647443045	-1.358000000000
5360.000000000000	562999.999999999999	-5239.100749345253	1131.999707689892	-1.358000000000
5350.000000000000	563999.999999999999	-5229.326307648714	1129.887767936739	-1.358000000000
5340.000000000000	564999.999999999999	-5218.421480536238	1132.994815291747	-1.357000000000
5330.000000000000	565999.999999999999	-5208.649155666320	1130.873102154497	-1.357000000000
5320.000000000000	566999.999999999999	-5198.876830796402	1128.751389017246	-1.357000000000
5320.000000000000	567999.999999999999	-5198.876830796402	1128.751389017246	-1.357000000000
5310.000000000000	568999.999999999999	-5189.104505926484	1126.629675879996	-1.357000000000
5300.000000000000	569999.999999999999	-5179.332181056566	1124.507962742745	-1.357000000000
5290.000000000000	570999.999999999999	-5168.434885344393	1127.555247407010	-1.356000000000
5280.000000000000	571999.999999999999	-5159.787531316730	1120.264536468244	-1.357000000000
5270.000000000000	572999.999999999999	-5148.894488802449	1123.292278607739	-1.356000000000
5260.000000000000	573999.999999999999	-5139.124290531477	1121.160794208104	-1.356000000000
5260.000000000000	574999.999999999999	-5139.124290531477	1121.160794208104	-1.356000000000
5250.000000000000	575999.999999999999	-5129.354092260504	1119.029309808469	-1.356000000000
5240.000000000000	576999.999999999999	-5119.583893989532	1116.897825408834	-1.356000000000
5230.000000000000	577999.999999999999	-5109.813695718560	1114.766341009198	-1.356000000000
5230.000000000000	578999.999999999999	-5109.813695718560	1114.766341009198	-1.356000000000
5210.000000000000	579999.999999999999	-5090.273299176614	1110.503372209928	-1.356000000000
5210.000000000000	580999.999999999999	-5089.160250853051	1115.593089409087	-1.355000000000
5190.000000000000	581999.999999999999	-5068.510281840411	1116.379649974882	-1.354000000000
5190.000000000000	582999.999999999999	-5069.624127049392	1111.310582348015	-1.355000000000
5180.000000000000	583999.999999999999	-5058.744366075786	1114.228629454699	-1.354000000000
5170.000000000000	584999.999999999999	-5050.088003245733	1107.028075286944	-1.355000000000
5160.000000000000	585999.999999999999	-5040.319941343904	1104.886821756408	-1.355000000000
5160.000000000000	586999.999999999999	-5040.319941343904	1104.886821756408	-1.355000000000
5150.000000000000	587999.999999999999	-5030.551879442075	1102.745568225873	-1.355000000000
5130.000000000000	588999.999999999999	-5011.015755638417	1098.463061164801	-1.355000000000
5130.000000000000	589999.999999999999	-5009.914787252661	1103.473526853785	-1.354000000000
5120.000000000000	590999.999999999999	-5000.148871488035	1101.322506333602	-1.354000000000
5120.000000000000	591999.999999999999	-5001.247693736587	1096.321807634265	-1.355000000000
5110.000000000000	592999.999999999999	-4990.382955723410	1099.171485813419	-1.354000000000
5100.000000000000	593999.999999999999	-4980.617039958785	1097.020465293237	-1.354000000000
5090.000000000000	594999.999999999999	-4970.851124194161	1094.869444773054	-1.354000000000
5080.000000000000	595999.999999999999	-4959.990009645005	1097.678962275287	-1.353000000000
5070.000000000000	596999.999999999999	-4951.319292664910	1090.567403732688	-1.354000000000
5070.000000000000	597999.999999999999	-4951.319292664910	1090.567403732688	-1.354000000000
5060.000000000000	598999.999999999999	-4940.462489921993	1093.357391557668	-1.353000000000
5050.000000000000	599999.999999999999	-4931.787461135660	1086.265362692322	-1.354000000000
5040.000000000000	600999.999999999999	-4920.934970198980	1089.035820840048	-1.353000000000
5030.000000000000	601999.999999999999	-4911.171210337475	1086.875035481239	-1.353000000000
5020.000000000000	602999.999999999999	-4901.407450475969	1084.714250122429	-1.353000000000
5020.000000000000	603999.999999999999	-4900.320285703111	1089.615114398923	-1.352000000000
5010.000000000000	604999.999999999999	-4891.643690614463	1082.553464763620	-1.353000000000
5000.000000000000	605999.999999999999	-4881.879930752957	1080.392679404810	-1.353000000000
5000.000000000000	606999.999999999999	-4881.879930752957	1080.392679404810	-1.353000000000
4990.000000000000	607999.999999999999	-4871.035503119228	1083.103470288970	-1.352000000000
4980.000000000000	608999.999999999999	-4861.273908924601	1080.932922252319	-1.352000000000
4970.000000000000	609999.999999999999	-4851.512314729973	1078.762374215667	-1.352000000000
4960.000000000000	610999.999999999999	-4841.750720535345	1076.591826179016	-1.352000000000
4960.000000000000	611999.999999999999	-4840.671708013439	1081.433037796725	-1.351000000000
4950.000000000000	612999.999999999999	-4830.912289247283	1079.252729252780	-1.351000000000
4940.000000000000	613999.999999999999	-4821.152870481127	1077.072420708835	-1.351000000000
4930.000000000000	614999.999999999999	-4811.393451714971	1074.892112164890	-1.351000000000
4930.000000000000	615999.999999999999	-4811.393451714971	1074.892112164890	-1.351000000000
4920.000000000000	616999.999999999999	-4801.634032948815	1072.711803620945	-1.351000000000
4910.000000000000	617999.999999999999	-4791.874614182659	1070.531495077000	-1.351000000000
4910.000000000000	618999.999999999999	-4791.874614182659	1070.531495077000	-1.351000000000
4900.000000000000	619999.999999999999	-4782.115195416502	1068.351186533055	-1.351000000000
4890.000000000000	620999.999999999999	-4772.355776650346	1066.170877989110	-1.351000000000
4880.000000000000	621999.999999999999	-4762.596357884190	1063.990569445165	-1.351000000000
4880.000000000000	622999.999999999999	-4762.596357884190	1063.990569445165	-1.351000000000
4870.000000000000	623999.999999999999	-4751.772752615830	1066.562566143112	-1.350000000000
4860.000000000000	624999.999999999999	-4742.015519037564	1064.372499272182	-1.350000000000
4860.000000000000	625999.999999999999	-4742.015519037564	1064.372499272182	-1.350000000000
4850.000000000000	626999.999999999999	-4732.258285459297	1062.182432401251	-1.350000000000
4840.000000000000	627999.999999999999	-4722.501051881030	1059.992365530321	-1.350000000000
4830.000000000000	628999.999999999999	-4712.743818302763	1057.802298659390	-1.350000000000
4830.000000000000	629999.999999999999	-4711.683659808691	1062.514512791131	-1.349000000000
4820.000000000000	630999.999999999999	-4701.928621175547	1060.314689783282	-1.349000000000
4810.000000000000	631999.999999999999	-4692.173582542403	1058.114866775433	-1.349000000000
4800.000000000000	632999.999999999999	-4682.418543909258	1055.915043767584	-1.349000000000
4800.000000000000	633999.999999999999	-4682.418543909258	1055.915043767584	-1.349000000000
4790.000000000000	634999.999999999999	-4672.663505276114	1053.715220759735	-1.349000000000
4780.000000000000	635999.999999999999	-4662.908466642970	1051.515397751886	-1.349000000000
4780.000000000000	636999.999999999999	-4661.854619966432	1056.177779683722	-1.348000000000
4770.000000000000	637999.999999999999	-4652.101786033448	1053.968202738777	-1.348000000000
4760.000000000000	638999.999999999999	-4642.348952100464	1051.758625793831	-1.348000000000
4760.000000000000	639999.999999999999	-4642.348952100464	1051.758625793831	-1.348000000000
4750.000000000000	640999.999999999999	-4632.596118167479	1049.549048848887	-1.348000000000
4740.000000000000	641999.999999999999	-4622.843284234496	1047.339471903942	-1.348000000000
4730.000000000000	642999.999999999999	-4613.090450301511	1045.129894958996	-1.348000000000
4730.000000000000	643999.999999999999	-4613.090450301511	1045.129894958996	-1.348000000000
4720.000000000000	644999.999999999999	-4602.292394555716	1047.523133403082	-1.347000000000
4710.000000000000	645999.999999999999	-4592.541775075725	1045.303804730618	-1.347000000000
4710.000000000000	646999.999999999999	-4592.541775075725	1045.303804730618	-1.347000000000
4700.000000000000	647999.999999999999	-4582.791155595734	1043.084476058154	-1.347000000000
4690.000000000000	648999.999999999999	-4573.040536115744	1040.865147385689	-1.347000000000
4690.000000000000	649999.999999999999	-4573.040536115744	1040.865147385689	-1.347000000000
4680.000000000000	650999.999999999999	-4562.248989345379	1043.208588546446	-1.346000000000
4670.000000000000	651999.999999999999	-4553.539297155761	1036.426490040761	-1.347000000000
4670.000000000000	652999.999999999999	-4552.500594069000	1040.979510365791	-1.346000000000
4660.000000000000	653999.999999999999	-4542.752198792621	1038.750432185137	-1.346000000000
4650.000000000000	654999.999999999999	-4533.003803516242	1036.521354004482	-1.346000000000
4650.000000000000	655999.999999999999	-4533.003803516242	1036.521354004482	-1.346000000000
4640.000000000000	656999.999999999999	-4523.255408239863	1034.292275823827	-1.346000000000
4630.000000000000	657999.999999999999	-4512.472693184533	1036.576187872329	-1.345000000000
4620.000000000000	658999.999999999999	-4503.758617687105	1029.834119462517	-1.346000000000
4620.000000000000	659999.999999999999	-4502.726531860160	1034.337362412562	-1.345000000000
4610.000000000000	660999.999999999999	-4492.980370535787	1032.098536952794	-1.345000000000
4610.000000000000	661999.999999999999	-4492.980370535787	1032.098536952794	-1.345000000000
4600.000000000000	662999.999999999999	-4483.234209211415	1029.859711493027	-1.345000000000
4590.000000000000	663999.999999999999	-4473.488047887042	1027.620886033259	-1.345000000000
4590.000000000000	664999.999999999999	-4473.488047887042	1027.620886033259	-1.345000000000
4580.000000000000	665999.999999999999	-4462.714272802235	1029.845289025110	-1.344000000000
4570.000000000000	666999.999999999999	-4452.970355176030	1027.596718525055	-1.344000000000
4570.000000000000	667999.999999999999	-4453.995725238296	1023.143235113725	-1.345000000000
4560.000000000000	668999.999999999999	-4443.226437549824	1025.348148025000	-1.344000000000
4550.000000000000	669999.999999999999	-4433.482519923618	1023.099577524945	-1.344000000000
4550.000000000000	670999.999999999999	-4432.457203775534	1027.532547756209	-1.343000000000
4540.000000000000	671999.999999999999	-4422.715539591412	1025.274234464438	-1.343000000000
4530.000000000000	672999.999999999999	-4412.973875407290	1023.015921172666	-1.343000000000
4530.000000000000	673999.999999999999	-4412.973875407290	1023.015921172666	-1.343000000000
4520.000000000000	674999.999999999999	-4403.232211223169	1020.757607880894	-1.343000000000
4520.000000000000	675999.999999999999	-4403.232211223169	1020.757607880894	-1.343000000000
4510.000000000000	676999.999999999999	-4393.490547039047	1018.499294589122	-1.343000000000
4500.000000000000	677999.999999999999	-4383.748882854924	1016.240981297350	-1.343000000000
4500.000000000000	678999.999999999999	-4383.748882854924	1016.240981297350	-1.343000000000
4490.000000000000	679999.999999999999	-4372.991049168367	1018.356167503956	-1.342000000000
4480.000000000000	680999.999999999999	-4363.251648167992	1016.088113678780	-1.342000000000
4480.000000000000	681999.999999999999	-4363.251648167992	1016.088113678780	-1.342000000000
4470.000000000000	682999.999999999999	-4353.512247167617	1013.820059853604	-1.342000000000
4470.000000000000	683999.999999999999	-4353.512247167617	1013.820059853604	-1.342000000000
4460.000000000000	684999.999999999999	-4342.759122443563	1015.895272374673	-1.341000000000
4460.000000000000	685999.999999999999	-4343.772846167242	1011.552006028428	-1.342000000000
4450.000000000000	686999.999999999999	-4334.033445166867	1009.283952203252	-1.342000000000
4440.000000000000	687999.999999999999	-4323.284866289107	1011.339688193621	-1.341000000000
4450.000000000000	688999.999999999999	-4334.033445166867	1009.283952203252	-1.342000000000
4420.000000000000	689999.999999999999	-4302.801674293311	1011.087410513391	-1.340000000000
4440.000000000000	690999.999999999999	-4324.294044166492	1007.015898378076	-1.342000000000
4420.000000000000	691999.999999999999	-4303.810610134652	1006.784104012568	-1.341000000000
4410.000000000000	692999.999999999999	-4293.066828876358	1008.799882435306	-1.340000000000
4410.000000000000	693999.999999999999	-4293.066828876358	1008.799882435306	-1.340000000000
4400.000000000000	694999.999999999999	-4283.331983459405	1006.512354357221	-1.340000000000
4400.000000000000	695999.999999999999	-4282.323329606987	1010.795182370657	-1.339000000000
4390.000000000000	696999.999999999999	-4273.597138042453	1004.224826279137	-1.340000000000
4380.000000000000	697999.999999999999	-4262.858223563318	1006.200658814427	-1.339000000000
4380.000000000000	698999.999999999999	-4263.862292625499	1001.937298201052	-1.340000000000
4370.000000000000	699999.999999999999	-4254.127447208546	999.649770122968	-1.340000000000
4360.000000000000	700999.999999999999	-4243.393117519650	1001.606135258197	-1.339000000000
4360.000000000000	701999.999999999999	-4243.393117519650	1001.606135258197	-1.339000000000
4360.000000000000	702999.999999999999	-4243.393117519650	1001.606135258197	-1.339000000000
4350.000000000000	703999.999999999999	-4233.660564497816	999.308873480082	-1.339000000000
4340.000000000000	704999.999999999999	-4223.928011475982	997.011611701967	-1.339000000000
4340.000000000000	705999.999999999999	-4223.928011475982	997.011611701967	-1.339000000000
4330.000000000000	706999.999999999999	-4214.195458454148	994.714349923851	-1.339000000000
4320.000000000000	707999.999999999999	-4204.462905432314	992.417088145736	-1.339000000000
4320.000000000000	708999.999999999999	-4204.462905432314	992.417088145736	-1.339000000000
4310.000000000000	709999.999999999999	-4193.738135384131	994.314060961038	-1.338000000000
4310.000000000000	710999.999999999999	-4193.738135384131	994.314060961038	-1.338000000000
4300.000000000000	711999.999999999999	-4184.007884489968	992.007067780154	-1.338000000000
4300.000000000000	712999.999999999999	-4184.007884489968	992.007067780154	-1.338000000000
4290.000000000000	713999.999999999999	-4173.285846547514	993.873856687157	-1.337000000000
4290.000000000000	714999.999999999999	-4173.285846547514	993.873856687157	-1.337000000000
4280.000000000000	715999.999999999999	-4163.557907511272	991.557134410497	-1.337000000000
4280.000000000000	716999.999999999999	-4163.557907511272	991.557134410497	-1.337000000000
4270.000000000000	717999.999999999999	-4154.817131807480	985.086088237501	-1.338000000000
4270.000000000000	718999.999999999999	-4153.829968475031	989.240412133837	-1.337000000000
4250.000000000000	719999.999999999999	-4133.387416412196	988.740848678413	-1.336000000000
4250.000000000000	720999.999999999999	-4133.387416412196	988.740848678413	-1.336000000000
4250.000000000000	721999.999999999999	-4133.387416412196	988.740848678413	-1.336000000000
4240.000000000000	722999.999999999999	-4123.661798961814	986.414399622700	-1.336000000000
4240.000000000000	723999.999999999999	-4123.661798961814	986.414399622700	-1.336000000000
4230.000000000000	724999.999999999999	-4113.936181511433	984.087950566986	-1.336000000000
4230.000000000000	725999.999999999999	-4112.950036756962	988.201394018907	-1.335000000000
4220.000000000000	726999.999999999999	-4103.226750618056	985.865220510588	-1.335000000000
4210.000000000000	727999.999999999999	-4093.503464479151	983.529047002270	-1.335000000000
4210.000000000000	728999.999999999999	-4094.484946610670	979.435052455558	-1.336000000000
4200.000000000000	729999.999999999999	-4083.780178340245	981.192873493951	-1.335000000000
4200.000000000000	730999.999999999999	-4083.780178340245	981.192873493951	-1.335000000000
4190.000000000000	731999.999999999999	-4074.056892201340	978.856699985632	-1.335000000000
4190.000000000000	732999.999999999999	-4073.075998636220	982.930266770514	-1.334000000000
4180.000000000000	733999.999999999999	-4064.333606062435	976.520526477313	-1.335000000000
4180.000000000000	734999.999999999999	-4063.355053532077	980.584371145763	-1.334000000000
4170.000000000000	735999.999999999999	-4054.610319923529	974.184352968994	-1.335000000000
4170.000000000000	736999.999999999999	-4053.634108427933	978.238475521013	-1.334000000000
4160.000000000000	737999.999999999999	-4043.913163323789	975.892579896262	-1.334000000000
4150.000000000000	738999.999999999999	-4034.192218219646	973.546684271511	-1.334000000000
4150.000000000000	739999.999999999999	-4035.163747645719	969.512005952356	-1.335000000000
4140.000000000000	740999.999999999999	-4024.471273115502	971.200788646761	-1.334000000000
4140.000000000000	741999.999999999999	-4023.498060253253	975.224773648778	-1.333000000000
4130.000000000000	742999.999999999999	-4013.779465904815	972.869158253491	-1.333000000000
4130.000000000000	743999.999999999999	-4013.779465904815	972.869158253491	-1.333000000000
4130.000000000000	744999.999999999999	-4012.804590019141	976.882450615893	-1.332000000000
4120.000000000000	745999.999999999999	-4004.060871556377	970.513542858204	-1.333000000000
4110.000000000000	746999.999999999999	-3993.372122270864	972.151784995477	-1.332000000000
4110.000000000000	747999.999999999999	-3994.342277207939	968.157927462917	-1.333000000000
4100.000000000000	748999.999999999999	-3983.655888396726	969.786452185269	-1.332000000000
4100.000000000000	749999.999999999999	-3983.655888396726	969.786452185269	-1.332000000000
4090.000000000000	750999.999999999999	-3973.939654522588	967.421119375061	-1.332000000000
4090.000000000000	751999.999999999999	-3973.939654522588	967.421119375061	-1.332000000000
4090.000000000000	752999.999999999999	-3973.939654522588	967.421119375061	-1.332000000000
4080.000000000000	753999.999999999999	-3963.256382911182	969.019526796945	-1.331000000000
4070.000000000000	754999.999999999999	-3953.542519227576	966.644478937149	-1.331000000000
4070.000000000000	755999.999999999999	-3954.507186774311	962.690453754645	-1.332000000000
4060.000000000000	756999.999999999999	-3944.790952900173	960.325120944437	-1.332000000000
4060.000000000000	757999.999999999999	-3943.828655543970	964.269431077352	-1.331000000000
4050.000000000000	758999.999999999999	-3934.114791860364	961.894383217556	-1.331000000000
4050.000000000000	759999.999999999999	-3933.150930580231	965.828016406579	-1.330000000000
4050.000000000000	760999.999999999999	-3934.114791860364	961.894383217556	-1.331000000000
4040.000000000000	761999.999999999999	-3923.439446801020	963.443255872241	-1.330000000000
4030.000000000000	762999.999999999999	-3913.727963021809	961.058495337904	-1.330000000000
4030.000000000000	763999.999999999999	-3913.727963021809	961.058495337904	-1.330000000000
4020.000000000000	764999.999999999999	-3904.016479242599	958.673734803567	-1.330000000000
4020.000000000000	765999.999999999999	-3904.016479242599	958.673734803567	-1.330000000000
4010.000000000000	766999.999999999999	-3893.346759496166	960.182800471195	-1.329000000000
4010.000000000000	767999.999999999999	-3894.304995463389	956.288974269230	-1.330000000000
4000.000000000000	768999.999999999999	-3883.637665332833	957.788329647078	-1.329000000000
4000.000000000000	769999.999999999999	-3883.637665332833	957.788329647078	-1.329000000000
4000.000000000000	770999.999999999999	-3882.677935344147	961.671487771012	-1.328000000000
3990.000000000000	771999.999999999999	-3873.928571169502	955.393858822960	-1.329000000000
3980.000000000000	772999.999999999999	-3863.264545667426	956.863130332157	-1.328000000000
3980.000000000000	773999.999999999999	-3864.219477006169	952.999387998842	-1.329000000000
3970.000000000000	774999.999999999999	-3853.557850829065	954.458951612730	-1.328000000000
3970.000000000000	775999.999999999999	-3853.557850829065	954.458951612730	-1.328000000000
3970.000000000000	776999.999999999999	-3853.557850829065	954.458951612730	-1.328000000000
3960.000000000000	777999.999999999999	-3843.851155990705	952.054772893302	-1.328000000000
3960.000000000000	778999.999999999999	-3843.851155990705	952.054772893302	-1.328000000000
3950.000000000000	779999.999999999999	-3833.192893644376	953.484263170746	-1.327000000000
3950.000000000000	780999.999999999999	-3834.144461152345	949.650594173875	-1.328000000000
3940.000000000000	781999.999999999999	-3823.488607837681	951.070378960187	-1.327000000000
3940.000000000000	782999.999999999999	-3823.488607837681	951.070378960187	-1.327000000000
3930.000000000000	783999.999999999999	-3812.833758802344	952.469804107820	-1.326000000000
3930.000000000000	784999.999999999999	-3813.784322030986	948.656494749628	-1.327000000000
3920.000000000000	785999.999999999999	-3804.080036224292	946.242610539069	-1.327000000000
3920.000000000000	786999.999999999999	-3803.131891731600	950.046216820014	-1.326000000000
3910.000000000000	787999.999999999999	-3793.430024660856	947.622629532208	-1.326000000000
3910.000000000000	788999.999999999999	-3793.430024660856	947.622629532208	-1.326000000000
3910.000000000000	789999.999999999999	-3793.430024660856	947.622629532208	-1.326000000000
3900.000000000000	790999.999999999999	-3783.728157590112	945.199042244402	-1.326000000000
3890.000000000000	791999.999999999999	-3774.026290519369	942.775454956596	-1.326000000000
3890.000000000000	792999.999999999999	-3774.026290519369	942.775454956596	-1.326000000000
3890.000000000000	793999.999999999999	-3773.081628208553	946.549009230423	-1.325000000000
3880.000000000000	794999.999999999999	-3763.382189575626	944.115721288956	-1.325000000000
3880.000000000000	795999.999999999999	-3763.382189575626	944.115721288956	-1.325000000000
3870.000000000000	796999.999999999999	-3753.682750942699	941.682433347490	-1.325000000000
3870.000000000000	797999.999999999999	-3753.682750942699	941.682433347490	-1.325000000000
3860.000000000000	798999.999999999999	-3743.983312309772	939.249145406024	-1.325000000000
3860.000000000000	799999.999999999999	-3743.042191329408	942.992658469802	-1.324000000000
3860.000000000000	800999.999999999999	-3743.983312309772	939.249145406024	-1.325000000000
3850.000000000000	801999.999999999999	-3733.345190833736	940.549672307964	-1.324000000000
3850.000000000000	802999.999999999999	-3733.345190833736	940.549672307964	-1.324000000000
3840.000000000000	803999.999999999999	-3723.648190338064	938.106686146125	-1.324000000000
3840.000000000000	804999.999999999999	-3723.648190338064	938.106686146125	-1.324000000000
3830.000000000000	805999.999999999999	-3713.013669322911	939.377182723326	-1.323000000000
3830.000000000000	806999.999999999999	-3713.013669322911	939.377182723326	-1.323000000000
3830.000000000000	807999.999999999999	-3713.013669322911	939.377182723326	-1.323000000000
3820.000000000000	808999.999999999999	-3703.319116661494	936.924500784100	-1.323000000000
3810.000000000000	809999.999999999999	-3693.624564000076	934.471818844875	-1.323000000000
3810.000000000000	810999.999999999999	-3693.624564000076	934.471818844875	-1.323000000000
3810.000000000000	811999.999999999999	-3692.688245524848	938.164975557400	-1.322000000000
3800.000000000000	812999.999999999999	-3682.996150392237	935.702600293470	-1.322000000000
3800.000000000000	813999.999999999999	-3682.996150392237	935.702600293470	-1.322000000000
3790.000000000000	814999.999999999999	-3673.304055259626	933.240225029540	-1.322000000000
3790.000000000000	815999.999999999999	-3673.304055259626	933.240225029540	-1.322000000000
3790.000000000000	816999.999999999999	-3673.304055259626	933.240225029540	-1.322000000000
3780.000000000000	817999.999999999999	-3663.611960127015	930.777849765610	-1.322000000000
3780.000000000000	818999.999999999999	-3662.679350626551	934.440995726249	-1.321000000000
3770.000000000000	819999.999999999999	-3652.989722714841	931.968929599989	-1.321000000000
3770.000000000000	820999.999999999999	-3652.989722714841	931.968929599989	-1.321000000000
3760.000000000000	821999.999999999999	-3643.300094803130	929.496863473729	-1.321000000000
3760.000000000000	822999.999999999999	-3643.300094803130	929.496863473729	-1.321000000000
3760.000000000000	823999.999999999999	-3643.300094803130	929.496863473729	-1.321000000000
3750.000000000000	824999.999999999999	-3633.610466891420	927.024797347469	-1.321000000000
3750.000000000000	825999.999999999999	-3632.681625443495	930.657943696398	-1.320000000000
3740.000000000000	826999.999999999999	-3622.994474442312	928.176189179875	-1.320000000000
3740.000000000000	827999.999999999999	-3622.994474442312	928.176189179875	-1.320000000000
3740.000000000000	828999.999999999999	-3622.994474442312	928.176189179875	-1.320000000000
3730.000000000000	829999.999999999999	-3613.307323441129	925.694434663351	-1.320000000000
3730.000000000000	830999.999999999999	-3613.307323441129	925.694434663351	-1.320000000000
3720.000000000000	831999.999999999999	-3603.620172439947	923.212680146827	-1.320000000000
3720.000000000000	832999.999999999999	-3602.695158103733	926.815838112363	-1.319000000000
3710.000000000000	833999.999999999999	-3593.010493700228	924.324397687329	-1.319000000000
3710.000000000000	834999.999999999999	-3593.010493700228	924.324397687329	-1.319000000000
3700.000000000000	835999.999999999999	-3583.325829296723	921.832957262296	-1.319000000000
3700.000000000000	836999.999999999999	-3583.325829296723	921.832957262296	-1.319000000000
3700.000000000000	837999.999999999999	-3582.402204830335	925.415821577931	-1.318000000000
3700.000000000000	838999.999999999999	-3583.325829296723	921.832957262296	-1.319000000000
3690.000000000000	839999.999999999999	-3571.795335805385	926.486955719775	-1.317000000000
3690.000000000000	840999.999999999999	-3572.720036709171	922.914697735829	-1.318000000000
3680.000000000000	841999.999999999999	-3563.956500489714	916.850076412230	-1.319000000000
3680.000000000000	842999.999999999999	-3563.037868588008	920.413573893726	-1.318000000000
3670.000000000000	843999.999999999999	-3552.436011492077	921.465346203678	-1.317000000000
3670.000000000000	844999.999999999999	-3553.355700466845	917.912450051624	-1.318000000000
3660.000000000000	845999.999999999999	-3541.835623569109	922.496837727273	-1.316000000000
3650.000000000000	846999.999999999999	-3533.076687178769	916.443736687582	-1.317000000000
3660.000000000000	847999.999999999999	-3544.587171682705	911.867195562163	-1.319000000000
3650.000000000000	848999.999999999999	-3533.076687178769	916.443736687582	-1.317000000000
3650.000000000000	849999.999999999998	-3533.076687178769	916.443736687582	-1.317000000000
3640.000000000000	850999.999999999998	-3522.481330544142	917.455871400895	-1.316000000000
3640.000000000000	851999.999999999998	-3522.481330544142	917.455871400895	-1.316000000000
3640.000000000000	852999.999999999998	-3522.481330544142	917.455871400895	-1.316000000000
3630.000000000000	853999.999999999998	-3511.887492393963	918.447734368614	-1.315000000000
3630.000000000000	854999.999999999998	-3511.887492393963	918.447734368614	-1.315000000000
3620.000000000000	855999.999999999998	-3503.127037519173	912.414905074516	-1.316000000000
3620.000000000000	856999.999999999998	-3503.127037519173	912.414905074516	-1.316000000000
3620.000000000000	857999.999999999998	-3502.212871202795	915.917575320767	-1.315000000000
3610.000000000000	858999.999999999998	-3492.538250011627	913.387416272919	-1.315000000000
3610.000000000000	859999.999999999998	-3492.538250011627	913.387416272919	-1.315000000000
3600.000000000000	860999.999999999998	-3482.863628820459	910.857257225072	-1.315000000000
3600.000000000000	861999.999999999998	-3481.951030283375	914.339664844824	-1.314000000000
3600.000000000000	862999.999999999998	-3482.863628820459	910.857257225072	-1.315000000000
3590.000000000000	863999.999999999998	-3473.189007629291	908.327098177225	-1.315000000000
3590.000000000000	864999.999999999998	-3472.278944088143	911.799832442478	-1.314000000000
3590.000000000000	865999.999999999998	-3472.278944088143	911.799832442478	-1.314000000000
3580.000000000000	866999.999999999998	-3461.695866741130	912.722151690961	-1.313000000000
3580.000000000000	867999.999999999998	-3462.606857892912	909.260000040131	-1.314000000000
3570.000000000000	868999.999999999998	-3452.026325213920	910.172648473947	-1.313000000000
3570.000000000000	869999.999999999998	-3452.026325213920	910.172648473947	-1.313000000000
3570.000000000000	870999.999999999998	-3452.026325213920	910.172648473947	-1.313000000000
3560.000000000000	871999.999999999998	-3442.356783686711	907.623145256933	-1.313000000000
3560.000000000000	872999.999999999998	-3442.356783686711	907.623145256933	-1.313000000000
3560.000000000000	873999.999999999998	-3442.356783686711	907.623145256933	-1.313000000000
3550.000000000000	874999.999999999998	-3431.780452324828	908.505876173180	-1.312000000000
3550.000000000000	875999.999999999998	-3431.780452324828	908.505876173180	-1.312000000000
3550.000000000000	876999.999999999998	-3431.780452324828	908.505876173180	-1.312000000000
3540.000000000000	877999.999999999998	-3422.113465135181	905.946704691003	-1.312000000000
3540.000000000000	878999.999999999998	-3422.113465135181	905.946704691003	-1.312000000000
3530.000000000000	879999.999999999998	-3411.541384339792	906.799527424300	-1.311000000000
3530.000000000000	880999.999999999998	-3412.446477945533	903.387533208824	-1.312000000000
3530.000000000000	881999.999999999998	-3411.541384339792	906.799527424300	-1.311000000000
3520.000000000000	882999.999999999998	-3401.876961154694	904.230690236130	-1.311000000000
3520.000000000000	883999.999999999998	-3401.876961154694	904.230690236130	-1.311000000000
3520.000000000000	884999.999999999998	-3401.876961154694	904.230690236130	-1.311000000000
3510.000000000000	885999.999999999998	-3392.212537969595	901.661853047959	-1.311000000000
3510.000000000000	886999.999999999998	-3392.212537969595	901.661853047959	-1.311000000000
3500.000000000000	887999.999999999998	-3382.548114784497	899.093015859788	-1.311000000000
3500.000000000000	888999.999999999998	-3381.647330644569	902.475113864344	-1.310000000000
3500.000000000000	889999.999999999998	-3381.647330644569	902.475113864344	-1.310000000000
3490.000000000000	890999.999999999998	-3371.985481128442	899.896613539017	-1.310000000000
3490.000000000000	891999.999999999998	-3371.985481128442	899.896613539017	-1.310000000000
3490.000000000000	892999.999999999998	-3371.985481128442	899.896613539017	-1.310000000000
3480.000000000000	893999.999999999998	-3362.323631612314	897.318113213690	-1.310000000000
3480.000000000000	894999.999999999998	-3361.424632486978	900.679987625896	-1.309000000000
3470.000000000000	895999.999999999998	-3351.765366301670	898.091826741914	-1.309000000000
3470.000000000000	896999.999999999998	-3351.765366301670	898.091826741914	-1.309000000000
3470.000000000000	897999.999999999998	-3351.765366301670	898.091826741914	-1.309000000000
3470.000000000000	898999.999999999998	-3351.765366301670	898.091826741914	-1.309000000000
3460.000000000000	899999.999999999998	-3341.208925546845	898.845323649234	-1.308000000000
3460.000000000000	900999.999999999998	-3341.208925546845	898.845323649234	-1.308000000000
3460.000000000000	901999.999999999998	-3341.208925546845	898.845323649234	-1.308000000000
3450.000000000000	902999.999999999998	-3331.552252351623	896.247504794757	-1.308000000000
3450.000000000000	903999.999999999998	-3331.552252351623	896.247504794757	-1.308000000000
3440.000000000000	904999.999999999998	-3321.895579156401	893.649685940279	-1.308000000000
3440.000000000000	905999.999999999998	-3321.895579156401	893.649685940279	-1.308000000000
3440.000000000000	906999.999999999998	-3321.000268671751	896.971134140981	-1.307000000000
3430.000000000000	907999.999999999998	-3311.346198123287	894.363659913827	-1.307000000000
3430.000000000000	908999.999999999998	-3311.346198123287	894.363659913827	-1.307000000000
3430.000000000000	909999.999999999998	-3311.346198123287	894.363659913827	-1.307000000000
3420.000000000000	910999.999999999998	-3301.692127574822	891.756185686673	-1.307000000000
3420.000000000000	911999.999999999998	-3301.692127574822	891.756185686673	-1.307000000000
3420.000000000000	912999.999999999998	-3300.798720691836	895.057431385910	-1.306000000000
3410.000000000000	913999.999999999998	-3291.147262444199	892.440304393553	-1.306000000000
3410.000000000000	914999.999999999998	-3291.147262444199	892.440304393553	-1.306000000000
3400.000000000000	915999.999999999998	-3281.495804196561	889.823177401197	-1.306000000000
3400.000000000000	916999.999999999998	-3281.495804196561	889.823177401197	-1.306000000000
3400.000000000000	917999.999999999998	-3280.604340419699	893.104227746926	-1.305000000000
3400.000000000000	918999.999999999998	-3280.604340419699	893.104227746926	-1.305000000000
3390.000000000000	919999.999999999998	-3270.063391344537	893.747960326771	-1.304000000000
3390.000000000000	920999.999999999998	-3270.955504124347	890.477450606494	-1.305000000000
3390.000000000000	921999.999999999998	-3270.955504124347	890.477450606494	-1.305000000000
3380.000000000000	922999.999999999998	-3261.306667828995	887.850673466062	-1.305000000000
3380.000000000000	923999.999999999998	-3260.417186650306	891.111535665040	-1.304000000000
3370.000000000000	924999.999999999998	-3251.657831533643	885.223896325630	-1.305000000000
3370.000000000000	925999.999999999998	-3250.770981956074	888.475111003309	-1.304000000000
3370.000000000000	926999.999999999998	-3250.770981956074	888.475111003309	-1.304000000000
3370.000000000000	927999.999999999998	-3249.880881607794	891.725437205952	-1.303000000000
3360.000000000000	928999.999999999998	-3241.124777261842	885.838686341578	-1.304000000000
3360.000000000000	929999.999999999998	-3241.124777261842	885.838686341578	-1.304000000000
3360.000000000000	930999.999999999998	-3240.237318160887	889.079367659346	-1.303000000000
3350.000000000000	931999.999999999998	-3230.593754713980	886.433298112741	-1.303000000000
3350.000000000000	932999.999999999998	-3230.593754713980	886.433298112741	-1.303000000000
3350.000000000000	933999.999999999998	-3230.593754713980	886.433298112741	-1.303000000000
3340.000000000000	934999.999999999998	-3220.950191267072	883.787228566136	-1.303000000000
3340.000000000000	935999.999999999998	-3220.064793710842	887.007736327000	-1.302000000000
3330.000000000000	936999.999999999998	-3210.423881154822	884.352024541590	-1.302000000000
3330.000000000000	937999.999999999998	-3210.423881154822	884.352024541590	-1.302000000000
3330.000000000000	938999.999999999998	-3210.423881154822	884.352024541590	-1.302000000000
3330.000000000000	939999.999999999998	-3210.423881154822	884.352024541590	-1.302000000000
3320.000000000000	940999.999999999998	-3200.782968598802	881.696312756180	-1.302000000000
3320.000000000000	941999.999999999998	-3199.899672041643	884.896654343196	-1.301000000000
3310.000000000000	942999.999999999998	-3190.261420017422	882.231302974692	-1.301000000000
3310.000000000000	943999.999999999998	-3190.261420017422	882.231302974692	-1.301000000000
3310.000000000000	944999.999999999998	-3190.261420017422	882.231302974692	-1.301000000000
3310.000000000000	945999.999999999998	-3190.261420017422	882.231302974692	-1.301000000000
3300.000000000000	946999.999999999998	-3180.623167993200	879.565951606188	-1.301000000000
3300.000000000000	947999.999999999998	-3179.742011876737	882.746134461138	-1.300000000000
3300.000000000000	948999.999999999998	-3179.742011876737	882.746134461138	-1.300000000000
3290.000000000000	949999.999999999998	-3170.106430022565	880.071146174892	-1.300000000000
3290.000000000000	950999.999999999998	-3170.106430022565	880.071146174892	-1.300000000000
3290.000000000000	951999.999999999998	-3170.106430022565	880.071146174892	-1.300000000000
3290.000000000000	952999.999999999998	-3170.106430022565	880.071146174892	-1.300000000000
3280.000000000000	953999.999999999998	-3159.591871921444	880.556189512028	-1.299000000000
3280.000000000000	954999.999999999998	-3159.591871921444	880.556189512028	-1.299000000000
3270.000000000000	955999.999999999998	-3149.958969872903	877.871566983028	-1.299000000000
3270.000000000000	956999.999999999998	-3149.958969872903	877.871566983028	-1.299000000000
3270.000000000000	957999.999999999998	-3149.958969872903	877.871566983028	-1.299000000000
3260.000000000000	958999.999999999998	-3140.326067824362	875.186944454028	-1.299000000000
3260.000000000000	959999.999999999998	-3139.449310862870	878.326832405028	-1.298000000000
3260.000000000000	960999.999999999998	-3139.449310862870	878.326832405028	-1.298000000000
3260.000000000000	961999.999999999998	-3139.449310862870	878.326832405028	-1.298000000000
3250.000000000000	962999.999999999998	-3129.819098252861	875.632578317896	-1.298000000000
3250.000000000000	963999.999999999998	-3129.819098252861	875.632578317896	-1.298000000000
3250.000000000000	964999.999999999998	-3128.941900911063	878.761959078260	-1.297000000000
3240.000000000000	965999.999999999998	-3119.314387369799	876.058076127250	-1.297000000000
3240.000000000000	966999.999999999998	-3119.314387369799	876.058076127250	-1.297000000000
3240.000000000000	967999.999999999998	-3119.314387369799	876.058076127250	-1.297000000000
3230.000000000000	968999.999999999998	-3109.686873828534	873.354193176240	-1.297000000000
3230.000000000000	969999.999999999998	-3109.686873828534	873.354193176240	-1.297000000000
3230.000000000000	970999.999999999998	-3109.686873828534	873.354193176240	-1.297000000000
3230.000000000000	971999.999999999998	-3108.811964937609	876.463442854727	-1.296000000000
3220.000000000000	972999.999999999998	-3100.059360287269	870.650310225230	-1.297000000000
3220.000000000000	973999.999999999998	-3099.187160092601	873.749933743722	-1.296000000000
3220.000000000000	974999.999999999998	-3099.187160092601	873.749933743722	-1.296000000000
3210.000000000000	975999.999999999998	-3089.562355247593	871.036424632716	-1.296000000000
3210.000000000000	976999.999999999998	-3089.562355247593	871.036424632716	-1.296000000000
3210.000000000000	977999.999999999998	-3088.689774187084	874.125550954861	-1.295000000000
3200.000000000000	978999.999999999998	-3079.937550402585	868.322915521711	-1.296000000000
3200.000000000000	979999.999999999998	-3079.067687663136	871.402418397370	-1.295000000000
3200.000000000000	980999.999999999998	-3079.067687663136	871.402418397370	-1.295000000000
3200.000000000000	981999.999999999998	-3079.067687663136	871.402418397370	-1.295000000000
3190.000000000000	982999.999999999998	-3068.575387275457	871.748296589836	-1.294000000000
3190.000000000000	983999.999999999998	-3069.445601139189	868.679285839878	-1.295000000000
3190.000000000000	984999.999999999998	-3068.575387275457	871.748296589836	-1.294000000000
3180.000000000000	985999.999999999998	-3058.956028694656	869.015543308990	-1.294000000000
3180.000000000000	986999.999999999998	-3058.956028694656	869.015543308990	-1.294000000000
3180.000000000000	987999.999999999998	-3058.956028694656	869.015543308990	-1.294000000000
3170.000000000000	988999.999999999998	-3049.336670113855	866.282790028144	-1.294000000000
3170.000000000000	989999.999999999998	-3048.468862799999	869.331693048676	-1.293000000000
3170.000000000000	990999.999999999998	-3048.468862799999	869.331693048676	-1.293000000000
3170.000000000000	991999.999999999998	-3048.468862799999	869.331693048676	-1.293000000000
3160.000000000000	992999.999999999998	-3038.852241781703	866.589321777229	-1.293000000000
3160.000000000000	993999.999999999998	-3038.852241781703	866.589321777229	-1.293000000000
3160.000000000000	994999.999999999998	-3038.852241781703	866.589321777229	-1.293000000000
3150.000000000000	995999.999999999998	-3029.235620763407	863.846950505782	-1.293000000000
3150.000000000000	996999.999999999998	-3028.370259339191	866.875753698234	-1.292000000000
3150.000000000000	997999.999999999998	-3028.370259339191	866.875753698234	-1.292000000000
3150.000000000000	998999.999999999998	-3028.370259339191	866.875753698234	-1.292000000000
3140.000000000000	1000000.000000000000	-3018.756385500019	864.123767178557	-1.292000000000
